  -85.960197       39.156101    
  -82.029556       39.992722    
  -82.667099       41.415001    
  -82.976372       39.361465    
  -83.091751       40.087482    
  -85.973557       39.775562    
  -86.260353       39.764862    
  -82.911987       40.057919    
  -83.146957       39.966320    
  -85.161713       41.138687    
  -82.084846       41.418564    
  -86.179550       41.712936    
  -86.211868       39.911663    
  -86.082497       39.617863    
  -82.782890       39.936928    
  -84.070007       40.726818    
  -84.192238       39.847931    
  -82.590012       40.782032    
  -86.105904       40.476563    
  -84.602585       39.187721    
  -84.057915       39.771313    
  -84.262489       39.092236    
  -84.293602       39.290295    
  -84.424843       39.162209    
  -84.455780       39.287598    
  -84.637421       39.014954    
  -84.189934       39.628494    
  -83.726501       41.623100    
  -86.041740       39.926868    
  -85.897934       41.620747    
  -86.361618       39.715923    
  -85.742630       39.523788    
  -85.997124       40.036503    
  -86.067352       39.500282    
  -85.865601       38.958061    
  -85.769623       39.813377    
  -84.892975       39.074638    
  -85.468102       39.331699    
  -83.761131       40.328369    
  -83.781723       39.451149    
  -85.854095       41.272160    
  -84.192131       40.287872    
  -84.563202       40.851799    
  -85.880783       39.206074    
  -85.789436       41.556046    
  -85.220352       41.444984    
  -84.175781       39.455650    
  -84.236961       40.054443    
  -84.132164       41.402859    
  -85.135880       41.127415    
  -85.492874       41.170216    
  -82.952744       39.585197    
  -83.117279       41.378513    
  -84.536613       40.556423    
  -84.319580       39.312901    
  -84.269005       39.094444    
  -82.860733       41.522522    
  -86.144096       39.660294    
  -83.964500       39.688202    
  -84.960632       40.171963    
  -84.102676       39.863693    
  -84.110184       39.647381    
  -86.215698       39.911564    
  -82.623741       39.032841    
  -84.598106       39.260239    
  -82.590546       40.761440    
  -86.021706       39.927437    
  -85.078781       41.362595    
  -85.977699       39.775364    
  -83.339554       40.228699    
  -83.222404       41.110996    
  -82.657242       41.401772    
  -84.937302       40.811260    
  -85.441719       40.218105    
  -84.999344       41.658726    
  -83.595039       41.055653    
  -81.916939       40.535419    
  -85.653137       40.066299    
  -84.853157       39.830845    
  -83.087227       40.581257    
  -85.370102       39.926300    
  -85.428047       41.786182    
  -85.198784       41.069366    
  -81.944542       40.846935    
  -83.650688       41.356564    
  -86.105888       40.476837    
  -86.329079       41.363533    
  -82.611923       41.261299    
  -86.250305       41.789093    
  -84.620743       40.123928    
  -82.914207       40.058029    
  -82.441429       40.402637    
  -84.550674       41.460999    
  -82.013031       39.975155    
  -84.395599       39.345402    
  -85.513748       40.899010    
  -84.107697       41.587898    
  -84.986481       40.439495    
  -82.976097       39.330299    
  -83.145615       39.982029    
  -84.596809       39.426212    
  -84.036530       41.035198    
  -82.995567       39.117546    
  -82.946297       40.812363    
  -86.185074       41.712936    
  -85.974800       41.712700    
  -86.288918       41.726902    
  -83.019653       40.164867    
  -82.787346       39.937157    
  -86.121719       39.888561    
  -86.392670       39.857346    
  -85.171242       40.742538    
  -84.061249       40.730663    
  -83.440498       39.533298    
  -82.439949       39.540298    
  -84.178078       40.564648    
  -84.186554       39.015118    
  -86.082520       39.634384    
  -86.258377       41.628761    
  -83.703217       41.617886    
  -82.899490       39.956024    
  -82.066902       39.336605    
  -84.507805       39.388680    
  -83.574303       39.166500    
  -85.976578       39.860397    
  -82.427879       40.084003    
  -82.043961       39.892807    
  -83.750107       39.924400    
  -85.371101       40.160065    
  -84.208694       40.150463    
  -86.247856       39.837345    
  -84.280632       39.563763    
  -82.643761       39.743549    
  -83.237068       40.835480    
  -83.090820       40.065071    
  -83.672867       41.058418    
  -85.945503       39.197880    
  -85.166229       41.176071    
  -85.082497       41.007401    
  -86.058304       41.688358    
  -83.593643       41.546410    
  -85.009399       41.131378    
  -83.458855       41.637371    
  -83.681061       41.676262    
  -84.205078       39.709553    
  -82.815598       39.859501    
  -83.116974       39.927860    
  -83.426178       39.908340    
  -82.217300       41.286800    
  -83.588379       40.653019    
  -84.637398       39.766300    
  -84.360931       41.304794    
  -84.330765       39.857689    
  -86.082764       39.699566    
  -83.043564       39.878563    
  -82.511116       40.684959    
  -84.278374       39.160801    
  -85.639595       39.014629    
  -83.765800       40.107399    
  -85.444717       39.629814    
  -85.672539       40.480431    
  -86.312698       40.757095    
  -84.147278       40.753204    
  -82.309319       40.868420    
  -84.221184       39.681541    
  -84.649574       39.010017    
  -85.897934       41.620747    
  -82.443802       40.028164    
  -86.123497       40.007362    
  -86.218582       41.051243    
  -85.840675       40.817650    
  -84.287544       39.821888    
  -85.129013       39.659031    
  -82.102791       41.398937    
  -84.404892       38.987659    
  -83.070030       40.266083    
  -84.056091       39.771008    
  -84.460564       39.290024    
  -84.402733       39.148754    
  -84.744301       39.499901    
  -83.833397       39.926880    
  -84.600693       39.128418    
  -83.139259       40.073315    
  -82.997917       39.889347    
  -82.025597       39.005699    
  -84.534828       39.034073    
  -84.329102       39.485363    
  -84.522667       39.296982    
  -84.192245       39.847912    
  -83.612961       41.612141    
  -82.017563       41.467155    
  -85.992149       39.811737    
  -86.026581       39.826042    
  -86.120323       39.710869    
