46.9235	-95.04286
46.45792	-95.15322
48.6378	-109.7654
32.9026	-96.7925
37.966529	-84.502062
29.55094	-95.157432
35.210976	-106.659356
36.846465	-119.790995
38.883944	-94.681964
33.8455	-117.53735
36.830653	-76.41665
36.841516	-76.088691
29.785137	-95.560005
30.182132	-95.451642
40.546826	-111.898472
30.233834	-97.819149
29.961769	-95.546141
39.718889	-75.022012
33.374406	-86.809298
39.024213	-77.428665
40.622774	-111.978707
35.560408	-97.651689
33.650144	-112.236814
33.914964	-117.969655
44.733137	-93.202202
44.846684	-93.149753
33.888594	-84.00894
34.962622	-89.981631
38.567663	-90.39667
32.68725	-97.413599
33.056822	-96.68873
40.89066	-74.7198
39.871837	-104.981978
41.118105	-81.471076
21.295407	-157.841694
38.63931	-121.49678
35.2138	-97.4808
29.609993	-95.644124
29.785837	-95.726801
39.407289	-76.762943
34.6075	-118.14775
39.480447	-119.793559
29.724161	-95.468336
40.385308	-104.715843
39.144938	-76.645631
27.339641	-82.452649
40.7888	-74.04098
29.975163	-90.170159
34.735958	-86.656706
39.765337	-104.897664
42.705151	-83.284812
34.073507	-83.983829
42.762175	-84.517886
28.2839	-81.4673
32.962213	-96.64593
32.345889	-106.765663
28.791333	-81.344891
41.754369	-111.830625
44.859584	-93.281695
28.001975	-81.924081
32.929531	-97.09504
35.464188	-80.59307
36.18758	-80.273755
38.678371	-121.298036
33.8679	-84.7715
33.463582	-84.214445
33.695577	-84.088495
42.525725	-83.35293
40.52425	-88.949171
39.604437	-104.703077
33.6434	-86.6251
28.533463	-82.502526
35.304346	-119.09238
32.138333	-81.243837
33.5564	-117.17838
34.412753	-118.503675
33.302864	-111.743334
33.449276	-112.340935
35.969803	-78.95611
47.474135	-122.206427
42.72039	-88.98462
41.71617	-81.297242
40.305443	-79.592021
43.5721	-84.758251
38.32923	-85.76054
28.186663	-82.373381
40.87685	-79.95326
37.801251	-81.180371
32.371035	-88.653624
36.941213	-86.417498
33.216738	-96.630709
37.711822	-87.12701
35.172741	-114.565631
39.802663	-94.81492
39.1561	-85.9602
33.285715	-111.841293
36.131382	-85.482616
46.7918	-100.74708
39.648811	-80.00225
35.137737	-106.614927
43.604863	-116.508396
33.707315	-116.280707
42.941472	-83.647022
34.66919	-79.00903
35.9601	-77.8222
39.99272	-82.02956
31.428	-100.51202
35.348818	-82.440957
40.568939	-79.801147
33.638528	-112.416347
29.852043	-97.951934
33.4504	-104.523531
41.415	-82.6671
39.361464	-82.976368
40.646387	-74.232043
36.365	-94.2247
27.264515	-80.401128
42.515163	-90.736199
36.24009	-115.114069
34.57597	-112.36304
36.062024	-115.260815
37.134592	-93.296896
32.60703	-85.429292
30.658015	-87.853203
28.361795	-80.793017
36.59592	-79.42224
28.93405	-81.932267
39.945682	-91.329186
41.965722	-73.981457
31.339937	-94.717238
34.075846	-81.154139
30.7969	-83.2995
32.7007	-114.6001
28.568537	-81.28334
33.314262	-111.967982
35.5325	-77.3977
25.785237	-80.332784
28.551863	-81.493235
38.932736	-104.791417
30.308313	-89.825958
41.859247	-88.340638
42.232833	-87.942838
39.970133	-105.163748
33.17064	-117.217991
32.737988	-117.057727
39.457912	-76.640147
34.116173	-117.829165
33.623985	-111.895178
40.087482	-83.091751
32.762637	-97.171968
35.943321	-86.820258
42.051483	-87.997467
40.1833	-80.221475
38.667406	-90.594782
45.124763	-93.492324
33.094714	-96.797063
35.050536	-89.814477
36.270337	-115.275247
30.5209	-97.7155
35.204572	-89.781731
36.020637	-115.126115
29.563237	-98.594026
32.918172	-96.961401
39.775562	-85.973557
41.366546	-81.512559
43.014305	-88.046411
39.764863	-86.260356
41.418637	-81.756434
40.057918	-82.911989
39.96632	-83.14696
45.039816	-93.021833
45.115821	-93.263391
44.779847	-93.415001
44.945068	-92.905331
41.138687	-85.161709
41.418563	-82.084847
41.712937	-86.179548
39.911663	-86.211865
40.879616	-81.43614
44.935401	-93.36803
42.912463	-85.559711
46.807737	-92.178872
44.270028	-88.460971
41.033485	-80.634417
43.155912	-88.00584
39.617863	-86.082493
39.936928	-82.782887
41.227012	-80.740681
41.842983	-87.743958
34.312767	-88.707071
39.193193	-75.546579
42.607777	-87.881057
40.085642	-74.959206
44.829161	-68.739003
39.900702	-88.953808
29.146947	-82.188709
31.064469	-97.370256
42.88413	-70.88461
30.632339	-96.302625
42.226372	-88.308096
26.145574	-80.327971
36.063533	-95.868669
37.639271	-77.556313
41.59896	-93.717911
43.482363	-112.01974
29.785749	-95.645057
36.764315	-108.153892
35.077494	-80.878331
41.722647	-87.682232
33.599158	-96.605647
37.121691	-76.506952
42.725935	-71.427764
33.712529	-78.899155
37.503699	-77.627986
35.701561	-81.290899
41.51946	-73.8889
38.989626	-76.549129
41.906759	-87.910031
43.034012	-85.689843
39.081137	-108.582238
30.45598	-86.6384
30.196587	-81.744114
26.272263	-81.769026
38.097606	-78.465052
42.094506	-76.012181
30.005137	-95.277072
36.769636	-76.250782
40.458416	-74.401683
38.646644	-77.294671
32.871323	-96.763089
39.310428	-81.552675
40.726817	-84.070008
32.954163	-96.840941
35.813798	-90.678268
33.9746	-117.3349
47.516321	-111.320323
39.847932	-84.192241
33.046236	-97.011438
36.125523	-115.249233
38.41517	-75.56682
41.78322	-87.858107
47.889363	-97.06302
43.22825	-71.476415
27.839337	-82.735348
28.096272	-82.501971
36.055837	-79.899129
27.937463	-82.31693
41.1253	-81.5706
39.138137	-121.644076
43.107062	-78.999794
40.782031	-82.59001
35.639037	-106.008468
33.840001	-84.201064
21.396018	-157.9761
42.213697	-83.215416
40.859905	-96.681818
35.257894	-81.116589
37.0403	-94.5123
29.560207	-98.484395
42.80694	-86.091331
37.745225	-97.244782
44.721279	-85.646192
27.960363	-82.731731
30.328624	-95.482011
32.541419	-94.730636
41.46202	-74.371427
40.476563	-86.105901
42.849137	-106.26663
38.785286	-97.611201
44.079363	-92.512988
40.827064	-72.993255
42.257134	-85.179184
41.160337	-104.79325
42.154083	-76.882307
42.431892	-96.369985
38.362663	-121.957744
39.099462	-76.805183
33.168182	-87.518713
43.869982	-91.216137
39.147142	-86.573366
43.17591	-76.1774
31.894695	-102.334226
42.7520011	-73.766535
28.101337	-81.973955
41.280846	-72.983399
35.385746	-77.940638
42.03357	-87.707882
27.00885	-82.153243
36.108197	-86.922571
28.224293	-82.732708
37.084177	-88.690524
39.18772	-84.602586
35.588982	-82.581642
30.390077	-97.744196
42.443564	-83.264025
34.223637	-119.158812
44.69622	-73.487699
38.322668	-81.714099
37.351027	-79.184952
40.573682	-78.332946
40.923075	-98.384417
44.342505	-69.787884
34.5534681	-82.679542
42.022704	-87.923315
29.735639	-95.514008
28.880298	-96.996203
41.227494	-95.847317
38.621132	-90.332974
37.298347	-89.583695
32.793592	-96.685159
41.598382	-87.794292
41.947876	-88.032017
41.755085	-88.031369
41.575162	-87.558724
35.847612	-86.44025
31.776741	-106.387839
31.321484	-89.379933
31.616967	-84.211112
35.666136	-88.849951
34.27253	-85.229633
44.166763	-93.953966
36.607362	-87.272481
42.456063	-92.353583
39.771311	-84.057918
36.63493	-82.126633
27.638563	-80.44367
29.59421	-90.7542
37.248562	-77.388427
42.097404	-79.280505
30.37939	-91.064899
39.092235	-84.262492
40.830835	-77.804791
44.920599	-89.652165
40.644328	-75.491948
43.975202	-75.960193
35.312936	-80.753021
40.303924	-74.67703
39.290293	-84.293601
41.240358	-76.830192
38.320206	-104.611934
40.076364	-80.872915
40.022091	-75.630754
43.205029	-86.201956
44.094218	-103.201608
40.714929	-75.28504
42.001237	-93.613797
37.240929	-81.249726
35.845806	-78.586894
34.193163	-79.823593
36.035282	-83.878856
34.78237	-77.397166
40.44832	-80.17773
41.453868	-75.641391
32.212063	-80.702537
61.140952	-149.863815
61.215877	-149.812408
64.851952	-147.707913
35.191538	-111.629183
33.3727	-111.789835
33.465437	-112.238947
33.494663	-112.03864
33.639959	-112.092356
33.799822	-116.387925
33.997335	-117.718039
33.99549	-117.915951
37.981038	-122.054223
33.825863	-118.087675
34.093375	-118.02677
33.714437	-117.954764
33.866793	-117.881294
33.873137	-118.298834
33.69791	-117.834103
34.0732	-117.55765
38.646128	-121.118916
38.78472	-121.28861
38.479499	-121.42154
38.610363	-121.386092
34.065666	-117.26558
34.294683	-118.416684
33.949017	-118.162232
33.780403	-117.992611
33.802815	-118.331316
39.790963	-105.077836
39.700418	-104.827821
39.707286	-104.987777
40.522008	-105.065201
39.562614	-104.898967
39.631263	-105.08859
41.651587	-72.729528
26.242484	-80.254088
27.890246	-82.506642
33.841916	-84.313747
34.2322	-83.8708
34.041116	-84.314738
41.794796	-71.328864
42.295475	-71.796679
39.335288	-76.48568
39.28794	-76.733046
39.386965	-77.409662
39.150287	-77.209647
38.645878	-76.890386
42.489714	-83.535295
42.266736	-84.455371
42.520387	-83.106224
42.969168	-82.462241
42.215114	-85.589214
42.529926	-82.914942
43.48948	-83.973894
42.629548	-83.008948
42.646121	-83.333557
42.323559	-83.43272
42.209298	-83.679703
35.86593	-78.84387
42.959127	-71.441208
39.837583	-75.090313
40.2442	-74.298466
35.076537	-106.532031
42.915126	-78.754012
41.082533	-73.818838
42.054799	-80.087983
40.156171	-75.141541
40.432925	-79.799877
40.535075	-80.066802
40.34431	-79.948038
41.702535	-71.496848
41.071763	-111.984517
40.630389	-111.889481
41.173823	-112.000345
40.216223	-111.658819
40.728895	-111.899518
47.727808	-122.344895
47.296541	-122.245327
32.292297	-110.970664
40.17324	-74.889226
30.677852	-88.126165
34.746969	-92.407373
32.36617	-86.212373
34.6437	-86.57
38.1891	-85.5545
35.027415	-85.190636
30.184725	-92.075158
33.498629	-82.086622
30.286563	-81.539244
35.608363	-97.546216
30.480504	-87.215708
30.4245	-84.2269
37.981634	-87.473821
38.764997	-90.280675
25.965141	-97.539021
40.776062	-89.655682
34.2323	-77.87601
26.585692	-81.872152
39.162207	-84.424843
39.287598	-84.45578
39.014952	-84.63742
35.351324	-94.348114
39.415413	-87.415784
39.628495	-84.18993
42.663751	-84.546312
29.173453	-81.032447
41.6231	-83.7265
26.565255	-80.066499
28.078663	-80.696018
34.934787	-81.999077
41.756953	-88.205679
39.394987	-74.542067
39.98781	-75.0079
41.212988	-96.114623
40.40717	-105.060148
42.013642	-88.144857
44.524237	-88.092788
27.266607	-80.2838
30.189663	-85.687442
38.446646	-82.591827
31.840581	-106.575343
41.500402	-87.732547
29.67863	-82.33884
27.543746	-99.504454
26.759947	-80.106655
40.412782	-75.923799
39.9754531	-76.673012
42.034594	-91.680555
38.949022	-92.29419
43.0418	-88.1857
43.515419	-96.771288
33.950411	-84.138878
42.923998	-87.949986
39.926867	-86.041737
40.417463	-86.837893
41.6207481	-85.897936
43.054507	-76.099248
46.862137	-96.867688
25.993088	-80.247876
41.473536	-87.297862
40.262627	-76.768488
39.041013	-95.761622
36.096663	-115.101169
43.215574	-77.729554
43.08661	-77.6295
37.744532	-88.975911
31.27294	-92.458038
38.599456	-90.468993
45.549837	-94.201993
42.385574	-87.96539
44.775555	-91.431587
43.620959	-70.351327
38.03644	-84.454014
39.280716	-80.278009
29.400477	-95.014387
41.234232	-75.865437
31.242933	-85.429759
39.630622	-77.762637
33.940167	-83.486294
41.803661	-72.550053
34.839835	-87.635838
40.138126	-88.25978
42.150781	-87.953224
27.4473	-82.5264
31.989763	-81.080262
33.948222	-84.519402
30.472146	-91.109437
38.4666	-90.3235
39.185566	-94.576776
38.956737	-94.727077
36.340495	-94.197401
32.665662	-97.295422
33.730325	-84.758472
33.532413	-86.69241
32.5411	-84.946087
28.657122	-81.335591
39.773515	-89.709549
29.678512	-95.402376
35.08312	-78.953656
35.134384	-80.710389
37.3183	-79.965
29.892524	-90.058808
36.351123	-82.402004
35.750281	-78.64873
33.87942	-98.542908
32.815808	-83.708361
32.45246	-99.792759
29.48755	-98.587288
36.064455	-80.311896
30.439735	-89.099926
32.492948	-92.052713
41.560066	-90.527016
34.61775	-98.422566
35.43537	-97.412684
32.868724	-96.675102
38.90087	-94.52502
29.613031	-95.221383
29.998441	-95.419665
29.6297	-95.5718
33.449329	-86.820507
32.868352	-96.910907
26.190707	-98.206677
38.783736	-90.524536
32.871164	-80.020562
30.429863	-81.650097
37.673306	-97.41472
43.050303	-89.504608
35.924657	-84.063625
36.194678	-86.743509
35.082934	-89.931467
30.204234	-97.758615
30.010341	-90.263783
29.552385	-98.356386
36.099329	-95.904669
29.357163	-98.54887
30.199213	-93.250803
34.806755	-92.208781
27.745017	-97.440216
32.840737	-97.249448
32.675517	-97.039716
33.556034	-101.941998
32.396085	-90.143584
38.821235	-104.757229
32.436602	-93.714969
29.902976	-95.596033
30.062202	-94.134221
38.156276	-85.696798
32.759441	-97.42356
34.823096	-82.289421
35.189602	-101.81643
31.746963	-106.315159
29.7783	-95.1819
32.647363	-96.867304
34.023402	-80.952941
32.327738	-95.341427
38.592603	-89.950366
31.585007	-97.107499
33.555767	-84.34678
31.99424	-102.157041
35.458663	-97.613503
28.421561	-81.404855
43.001963	-83.767006
35.184149	-89.896131
39.046814	-94.364677
36.086657	-86.691409
33.457938	-94.085961
37.179996	-93.219723
42.267657	-88.977858
41.516766	-88.124671
33.001411	-96.768063
36.3341	-94.1476
36.247	-93.1144
34.248813	-83.459898
36.18106	-94.51106
35.15475	-92.40006
35.16996	-92.72407
36.854627	-89.582643
35.881339	-94.981617
36.357581	-92.341154
36.29437	-95.628502
37.142008	-94.310676
37.663144	-92.649323
36.714891	-91.873725
35.47025	-94.35621
36.838676	-94.394654
38.366063	-93.749244
37.826167	-92.145567
36.30476	-95.31966
32.540837	-92.623324
34.88408	-92.11002
39.151709	-91.887914
37.635963	-91.546281
36.903444	-94.877771
38.5719	-92.2474
36.803722	-89.977319
35.072992	-94.628631
33.93395	-93.85129
37.8373	-94.3562
39.186563	-96.558777
36.06	-90.5235
37.788822	-90.434271
33.895637	-94.800363
39.446347	-92.418705
36.739326	-95.932352
39.021614	-96.820959
35.82129	-90.68545
37.590845	-93.401672
35.449673	-94.803811
36.913867	-93.912107
34.010737	-95.496639
36.525091	-95.032527
34.49299	-93.0895
36.1673	-94.1436
36.962438	-92.677254
35.2783	-93.11124
37.073955	-94.477527
38.985495	-90.984332
38.779282	-93.737145
35.9289	-89.8711
35.957389	-95.395369
35.585825	-89.24192
38.220906	-91.158071
35.4496	-93.4605
34.59445	-94.20492
35.24688	-90.75667
38.212688	-90.390965
35.16902	-90.19527
36.249335	-90.963444
37.433301	-94.704726
35.988163	-96.12605
31.36625	-92.410081
36.3768	-93.5837
30.599968	-97.41636
37.339986	-92.937965
37.084737	-94.545834
35.8163	-94.6312
37.7041	-89.894464
33.275921	-93.214039
34.5435	-92.6343
37.2487	-93.311
32.625918	-93.250644
37.146325	-92.2626
38.023563	-92.724661
36.57839	-94.768928
35.0297	-90.7927
35.544027	-89.664652
35.3419	-89.9042
37.881991	-90.513354
38.66592	-94.367023
35.76239	-89.545187
32.8134	-91.9048
36.36895	-94.22168
37.939275	-91.777473
34.47967	-91.54888
35.384529	-96.918152
35.874615	-88.744669
34.927943	-88.495107
36.5161	-88.900167
36.353906	-88.88239
39.753179	-94.23412
37.653973	-95.452426
33.445073	-88.846173
35.030533	-97.932335
33.9833	-88.4671
35.76452	-91.61737
35.84032	-88.91476
35.605545	-95.961968
37.364024	-89.633271
35.246637	-96.653331
34.67001	-92.37648
35.32794	-94.408
34.38035	-92.82775
35.807	-90.7209
34.193072	-97.143296
35.769937	-95.3744
33.134205	-94.967935
39.777459	-93.554272
37.240128	-93.25835
34.990253	-97.367912
31.297712	-94.728634
35.328	-94.34124
36.866389	-88.357814
36.05219	-94.20129
32.757098	-94.940223
33.7542	-96.5859
33.662037	-95.506649
32.228734	-92.708234
36.414801	-99.382118
34.913644	-95.745232
38.147749	-90.578775
34.494598	-89.031254
34.629862	-89.968766
35.24907	-91.68787
33.62543	-96.189074
38.952655	-92.29377
36.2373	-91.5976
36.003278	-88.446258
35.058037	-98.244549
31.650107	-94.655333
34.285613	-89.025374
32.132498	-94.803525
37.31438	-91.96006
33.11775	-91.96011
36.293137	-95.837989
31.752497	-93.064576
38.54123	-90.991889
37.925065	-90.774146
28.39464	-80.754943
35.046037	-89.68061
36.284088	-88.308002
36.797737	-98.649033
37.182763	-93.34987
31.952237	-95.26408
33.472839	-94.406233
33.3664	-91.0354
33.111898	-89.080627
39.02562	-94.25036
33.643212	-97.135665
37.819964	-96.889773
37.302663	-89.578594
40.215603	-92.582379
36.23675	-90.040046
35.594805	-87.054513
29.776086	-94.977456
39.331464	-94.263548
37.73577	-89.186963
40.458777	-90.643967
38.623665	-88.978553
40.156507	-89.396551
39.722866	-90.269134
38.530493	-89.937899
32.007134	-97.098537
35.220915	-97.484712
39.182701	-89.66137
30.906409	-94.013995
37.746326	-88.973924
33.045652	-97.012531
35.139704	-88.571757
38.709229	-93.26754
32.529292	-97.339691
33.114282	-94.182609
35.512561	-97.972868
32.33875	-97.4129
35.6894	-90.5243
34.788833	-96.652547
37.462697	-89.222714
39.242705	-94.461623
31.3164	-95.436538
35.205338	-87.064014
38.571512	-94.85627
38.813598	-90.875592
31.9561	-92.6533
36.368737	-96.009687
31.685563	-96.457415
30.335199	-95.098944
38.243774	-93.383347
32.687862	-95.48147
37.998299	-89.235761
39.105218	-90.315821
38.738817	-88.094677
37.6679	-87.9023
34.328022	-88.706091
32.900072	-96.4615
32.416713	-96.840812
34.45624	-93.06315
38.0053	-88.920555
36.064109	-87.384594
32.737337	-96.30649
32.929463	-97.094972
37.133474	-94.475371
35.224383	-88.215479
34.619045	-98.422566
33.511709	-97.818089
35.94159	-86.820924
34.23866	-88.40118
30.713768	-94.9555
35.320215	-97.492909
32.458	-93.7122
34.04554	-94.32472
30.6567	-97
35.5076	-92.0294
36.689303	-86.568856
32.582276	-97.125068
30.715515	-95.568416
32.33258	-96.620236
33.8446	-87.2525
30.766437	-94.427056
38.506691	-90.655524
35.20755	-93.15599
30.0741	-95.24578
34.21446	-86.15628
36.951677	-86.434044
33.78854	-85.76123
33.9961	-85.96764
37.760043	-89.28104
34.745623	-89.456477
36.4835	-86.887849
32.731399	-89.539754
34.3419	-86.5036
32.508776	-92.155652
35.455303	-86.046189
29.970493	-92.096213
30.230878	-92.364761
30.684691	-92.262038
35.137685	-86.567094
33.9724	-86.4488
33.99742	-86.09406
38.943845	-89.103747
34.11821	-93.09528
30.1929	-96.407
30.658846	-96.330206
39.26499	-93.96135
38.358637	-90.155146
33.71999	-85.8178
28.877831	-96.996869
30.23177	-93.325658
34.74456	-86.67777
37.416489	-86.878207
39.237422	-89.933061
35.665918	-88.85034
34.301737	-92.398974
37.559975	-90.321744
37.495618	-94.300941
39.841949	-96.605367
39.57318	-89.315826
29.218274	-96.287934
31.734291	-95.614948
33.458137	-90.641778
33.63916	-91.80152
40.826563	-97.597313
33.082733	-98.583198
32.637169	-85.415613
32.5724	-85.49962
36.12178	-94.14974
35.985773	-96.722727
38.675006	-90.01586
39.113077	-93.213569
31.807433	-94.191822
32.283937	-90.04694
35.516112	-84.359819
37.36953	-95.25715
32.434205	-97.780734
37.767435	-100.033007
32.547788	-93.70905
37.003565	-93.227164
31.120563	-97.872021
38.582001	-95.267623
30.356344	-94.079412
30.255917	-94.216975
30.244848	-92.660467
35.70978	-96.861259
35.644508	-97.425301
36.0833	-87.831657
34.25607	-88.74035
35.550427	-88.80727
34.4933	-87.274
26.195063	-98.282871
34.553468	-82.679542
26.190953	-98.208707
32.540801	-94.730445
32.532827	-94.788758
30.332849	-95.48012
30.264346	-91.250081
30.289859	-91.911475
34.4933	-87.7272
29.88191	-97.916341
31.119851	-93.269627
35.973539	-86.495517
31.091067	-97.728714
29.94362	-93.991407
36.625994	-88.314723
32.211499	-95.82946
26.071492	-97.221993
33.852733	-98.500417
33.105856	-95.596921
37.645663	-98.719896
33.952367	-98.52855
33.228783	-97.595088
39.006023	-87.725533
33.2315	-86.8052
32.8184	-86.6079
32.963115	-87.169281
33.065067	-96.889321
33.083897	-96.130835
30.648691	-91.143199
26.303844	-98.17975
36.726236	-88.629504
37.052184	-88.568102
33.4352	-86.0814
34.763	-86.5932
34.61699	-86.56728
38.758578	-89.684532
29.778653	-96.157517
28.047186	-97.04265
27.491235	-97.85361
29.344023	-99.131156
37.487898	-86.265338
29.397019	-100.899932
32.448809	-93.866917
29.93958	-93.938969
32.387958	-93.816246
26.241209	-98.246371
38.377368	-88.362699
25.977515	-97.520784
27.923116	-97.174411
33.61215	-83.827424
28.701078	-100.48348
29.4191	-95.2478
28.4289	-97.74428
27.853039	-97.630448
35.256452	-89.000062
33.194278	-97.093715
33.46038	-94.04288
30.1677	-93.2508
27.740422	-97.438254
32.591389	-96.821835
36.060763	-95.819204
30.483531	-97.674226
31.426702	-97.71763
35.23542	-85.20141
34.663087	-99.333632
39.477195	-88.335128
32.46026	-86.42065
30.086697	-90.971202
39.086495	-94.882076
30.556898	-84.593029
30.502563	-90.492125
37.076181	-88.687776
38.66024	-87.506047
38.2008	-84.2757
33.396463	-84.744216
33.531444	-88.437017
38.189156	-85.275861
36.390563	-97.945657
31.709006	-89.148433
29.26402	-94.83232
30.865325	-93.285622
38.682582	-88.498141
38.035337	-84.912125
30.061059	-99.168211
34.291603	-83.846334
33.956938	-80.388131
31.750722	-106.341565
32.22874	-101.47063
33.519265	-81.717459
35.06693	-84.060673
32.331014	-96.13388
35.391837	-97.705536
34.252723	-84.469534
33.992063	-83.75762
30.269175	-93.181396
29.892024	-95.063479
38.299856	-85.543131
29.182741	-95.433156
27.447637	-82.526552
29.3775	-95.0177
33.239	-92.6658
30.187964	-92.075258
30.233678	-90.909064
29.983969	-91.817265
30.238087	-92.013406
32.410455	-99.779944
32.478436	-99.697931
31.894481	-102.33414
31.277338	-92.456115
29.7027	-91.1759
30.443602	-90.08217
29.5942	-90.7542
30.51882	-92.065648
35.446769	-97.425409
29.560523	-95.761964
27.986463	-82.12144
33.972464	-83.993161
32.741667	-103.16195
29.636796	-81.681018
30.28088	-89.748609
31.196491	-82.322178
38.785998	-97.613175
41.455772	-91.025168
39.805465	-94.814859
32.401837	-98.79416
33.563405	-86.522193
28.925001	-81.281742
35.464032	-97.621905
32.068824	-96.506819
38.048796	-87.305673
38.231716	-84.537836
32.391301	-94.857761
38.9304	-94.3631
33.64827	-78.978442
34.087226	-84.48133
36.159235	-95.8839
38.882563	-94.756475
35.840467	-83.571167
29.856601	-81.323365
27.904188	-81.832221
42.01388	-92.912214
29.116877	-81.022714
38.681447	-84.59647
34.941723	-80.96185
33.859511	-79.093044
35.928	-85.5765
31.622737	-84.214051
38.087898	-85.666525
32.663137	-97.404562
38.380745	-84.30747
37.57292	-97.278612
31.487577	-82.849198
33.479446	-84.441824
26.181563	-97.717075
40.726671	-99.083618
35.56046	-100.9664
31.428221	-100.511573
30.1265554	-95.4566364
40.539986	-89.597077
31.2632	-85.4395
31.989763	-81.080762
32.030342	-102.146212
39.722682	-91.39385
32.204854	-98.236659
33.448781	-104.523322
39.484926	-88.161068
29.257815	-81.113623
33.066799	-85.028563
34.201972	-84.790333
33.526442	-80.890006
33.892799	-84.759429
35.459326	-85.04696
36.544718	-82.235046
35.563519	-97.65157
26.681863	-81.899308
34.282462	-81.594562
33.392609	-79.289006
32.949605	-80.155907
41.222007	-89.926252
31.997413	-81.259787
41.3786	-89.457624
40.7491	-99.7394
35.124684	-81.751329
31.215033	-81.483119
34.821333	-82.282954
34.854232	-82.454426
34.699179	-79.931751
33.784551	-78.770135
34.485164	-82.669282
42.023086	-97.443715
42.09968	-91.25702
41.7209	-92.72702
28.556486	-80.844045
30.121607	-94.165405
37.98177	-100.839326
36.830775	-87.471067
37.326691	-87.479339
35.513653	-86.455429
36.143915	-85.500874
34.273553	-85.228945
36.129377	-86.904885
34.74498	-87.6698
34.78701	-86.95933
34.5577	-87.0001
35.45451	-84.628396
38.901865	-99.317975
37.3461	-85.371637
27.512992	-81.494667
35.391746	-86.239817
35.699359	-85.786779
34.767121	-84.927394
34.1515	-86.842
36.193469	-86.293732
36.593393	-87.289424
36.375076	-86.476588
36.412674	-89.077945
35.879429	-84.666788
36.064977	-89.395729
35.942537	-83.209279
36.187089	-82.759755
34.3018	-86.2788
35.846969	-86.426924
35.27046	-87.320095
35.654909	-88.411211
36.21209	-83.261237
31.692463	-83.256396
35.982255	-85.038412
37.06774	-84.622224
36.34698	-82.246592
34.43863	-85.76081
37.614096	-84.773213
37.86202	-87.57048
29.159895	-82.167253
35.201081	-84.845875
32.43176	-87.00984
37.7215	-87.124016
37.989341	-84.209858
30.075888	-95.627676
28.820767	-81.67485
28.267953	-82.188355
34.182906	-90.592277
32.302613	-90.891309
37.732921	-85.885457
36.215237	-86.602978
37.021345	-85.933555
34.66949	-86.00959
34.55565	-90.6529
33.1684	-87.5182
33.527376	-90.215918
28.0604	-81.8003
37.732862	-84.275306
38.161145	-84.900459
27.012559	-82.140668
33.543305	-85.074064
31.78122	-85.94803
36.127364	-83.467628
28.0938	-81.6132
32.9439	-85.9835
34.04637	-85.236153
37.798629	-85.434227
33.1744	-86.287
32.50371	-87.82597
32.83781	-85.17734
31.33373	-85.86447
36.845787	-86.918379
35.4698	-86.79351
36.087204	-88.110129
36.621282	-83.705347
31.44426	-85.65228
35.821874	-84.268648
36.555531	-82.605476
35.392555	-97.476936
29.998363	-95.176026
33.553382	-84.25881
31.067792	-97.36992
41.696959	-93.014267
42.4503	-91.8996
29.649466	-95.162738
42.485263	-92.441816
32.435724	-81.758746
35.159625	-101.922884
34.520541	-85.314163
28.939949	-98.513005
32.0559	-84.1859
27.588065	-81.821325
29.693301	-90.552328
33.588629	-86.698977
33.4786	-86.9176
33.361756	-86.998993
29.590253	-98.355271
34.83636	-87.62553
30.179961	-82.676898
29.78926	-95.719843
27.049495	-82.395635
38.361663	-98.786171
28.357537	-80.669441
29.720868	-95.644692
30.48154	-92.49538
41.438737	-97.318569
40.971588	-90.381505
41.451537	-96.478369
30.093459	-93.765879
26.893824	-82.010342
33.79637	-83.743552
30.598575	-98.269907
29.22591	-99.760165
40.978456	-91.53922
31.671063	-88.653057
41.951805	-88.725773
33.56297	-84.41323
35.5459	-92.4473
32.7703	-96.6139
40.199264	-100.644181
27.766663	-98.042679
34.98464	-101.9193
38.072163	-97.887716
33.240163	-81.391505
41.370883	-89.125401
40.813186	-91.15875
39.417108	-87.692833
37.068563	-100.919401
28.843213	-81.897016
40.329895	-94.873718
32.81309	-98.083062
32.31615	-106.752116
32.840737	-97.248487
29.047999	-95.459986
33.60099	-85.83362
43.148039	-93.259755
27.208763	-81.83377
35.842534	-101.97329
31.728956	-98.983938
27.223463	-80.829645
38.147681	-92.620642
31.579237	-90.465154
28.30378	-81.459922
30.178137	-85.805552
26.62196	-81.940645
34.437633	-103.19881
35.191837	-101.792976
36.738737	-97.072622
37.487294	-84.644983
36.765254	-108.152291
32.5447	-95.8616
39.715924	-86.361617
35.075563	-106.586467
38.07491983	-88.18725586
40.2717	-94.0143
35.078217	-106.532031
30.779285	-81.62201285
30.458992	-91.089229
38.31245	-104.6089
41.385038	-88.419458
42.9753589	-90.12634277
34.962888	-89.994766
35.111237	-106.604367
33.325876	-105.612797
41.37868	-88.84354
30.67656	-88.22552
40.278699	-86.481371
33.567137	-84.532099
33.70805	-85.16082
28.760823	-81.284966
30.885736	-84.204394
27.893972	-81.555734
29.060863	-81.304242
33.529546	-101.903836
31.828302	-81.598093
33.16377	-85.36666
32.207187	-82.378719
29.684998	-98.127535
30.5955	-88.161
41.879209	-103.675783
32.396671	-104.221774
37.48055	-105.90309
38.427874	-86.937724
29.573642	-95.286125
31.554034	-91.368667
32.407889	-90.132262
35.010543	-80.564147
34.186379	-84.132402
36.520741	-86.036857
32.836378	-97.007621
33.995968	-81.223661
43.027209	-91.127566
26.502	-97.8333
39.523787	-85.742629
40.876247	-97.101416
42.505437	-94.155597
31.347724	-89.243479
30.858321	-83.946927
28.56789	-81.21816
41.812321	-89.653035
36.067442	-95.886129
32.675502	-97.037267
30.826422	-83.317583
34.436676	-100.232091
29.564425	-97.941797
39.646063	-86.820131
32.290563	-90.264313
30.382455	-87.685801
35.530293	-108.759449
28.450062	-81.427343
29.955938	-89.984812
42.592862	-88.413908
29.875437	-90.094014
43.288982	-91.754955
36.675764	-93.890089
29.641963	-95.572506
31.321531	-89.379449
31.109973	-99.333736
32.556972	-94.350162
30.440522	-86.638958
38.5233	-106.0218
38.226242	-86.13958
40.036503	-85.997123
40.62501	-103.2378
34.196077	-101.750368
27.266027	-80.286753
32.32886	-86.23565
27.638563	-80.443589
33.273721	-84.291253
30.625	-87.908
30.472231	-90.956525
39.139463	-88.562121
34.019506	-84.555853
32.3828	-86.18382
28.551551	-81.533701
28.635972	-81.321104
30.727747	-86.56784
33.589649	-101.935008
33.64068	-96.605482
32.647363	-96.872634
35.204571	-89.781731
31.170923	-83.761339
40.405948	-105.044879
42.734222	-90.438303
28.668535	-82.139943
29.060541	-82.454648
30.072823	-90.496735
37.13922	-104.5216
32.73605	-97.796006
31.682604	-106.312154
44.017829	-90.510521
37.348842	-108.563
28.455487	-82.629535
30.421944	-89.092148
30.510369	-89.665657
43.571826	-90.88881
32.810565	-97.425784
27.420083	-80.376581
28.035437	-80.648012
33.998458	-96.415163
32.179674	-91.7265
37.092737	-97.040371
43.939109	-90.832147
40.38647	-104.716
32.365126	-88.694875
44.096579	-93.245792
39.40512	-104.8632
26.527765	-81.865113
30.603135	-87.117125
30.68051	-88.12606
36.048089	-95.959894
38.36912	-97.630074
28.206173	-82.670422
39.500284	-86.06735
25.921765	-97.480064
43.543655	-79.869002
38.23505	-104.6628
39.038063	-87.095066
41.654975	-88.563639
27.462363	-82.614917
31.962368	-83.763552
43.41646	-80.511904
43.314311	-90.347808
40.458459	-105.07949
37.1279	-93.4595
34.914785	-79.733411
32.28077	-81.232016
43.49138	-88.8092
31.838249	-106.564969
29.805286	-90.816098
33.697048	-80.224024
32.178912	-83.17789
38.447031	-105.19217
43.65604	-93.328709
38.8218	-91.1445
32.353347	-95.343992
36.689565	-80.883274
45.343709	-80.010228
32.589198	-82.327407
31.260463	-90.471927
38.867999	-86.515398
40.682369	-89.587315
43.96522	-79.243569
38.958063	-85.865598
35.274829	-81.529598
34.934447	-81.986593
35.333822	-81.894927
33.035489	-80.153729
44.096725	-93.507318
36.473551	-80.62071
29.878963	-95.650251
26.171323	-97.990746
30.103944	-97.332258
34.738946	-97.245018
32.296491	-95.262458
39.99973	-105.102969
33.589248	-84.337976
36.7212	-84.1467
33.594132	-102.36245
33.7302	-87.8127
38.397794	-85.371695
39.5475	-95.1336
45.05297	-79.289289
35.292151	-97.604846
43.882633	-78.878753
38.450802	-107.866163
32.343139	-89.483001
44.42563	-81.397269
45.53386	-75.305159
31.864764	-82.586798
43.607495	-79.692857
29.552105	-95.158647
52.84229	-110.849069
42.586529	-82.383941
33.68005	-93.60648
30.384031	-88.518263
27.789	-80.4778
56.255106	-117.294112
32.334833	-89.141347
34.8012	-84.43365
49.485668	-113.948054
38.869096	-90.067522
53.50787	-112.088189
31.445968	-83.541931
42.096696	-83.108608
31.063807	-98.161473
45.13616	-76.123762
36.581153	-87.410576
32.863937	-83.612536
30.428031	-84.214639
49.727394	-112.795124
36.359136	-82.39626
43.855509	-79.170269
30.17564	-81.627597
30.302424	-81.760277
51.795013	-114.129112
28.283285	-82.715864
28.253824	-81.316709
27.152795	-80.218635
44.52336	-80.004089
35.039517	-85.683673
30.248537	-81.755532
31.2756	-86.5183
40.30714	-88.174779
49.841007	-119.611564
35.92615	-80.586479
35.15991	-79.42211
28.612549	-96.648596
37.649563	-97.332713
32.50754	-86.21457
44.101121	-79.596657
30.578718	-91.127489
52.30504	-114.085208
29.997666	-95.483818
28.855126	-82.3928
49.259243	-123.027219
34.7892	-92.21737
31.573348	-91.455171
30.774247	-92.684648
43.312241	-79.917768
32.854771	-91.39244
34.347268	-82.896229
32.909997	-84.330518
37.110975	-84.092496
35.8682	-92.1043
34.526543	-97.967166
33.056727	-96.694981
32.733862	-96.615779
33.110062	-83.255893
34.5638	-83.3154
34.688972	-82.995418
34.4532	-86.94703
40.514397	-88.951724
29.778815	-98.724606
34.9802	-80.1034
31.1477	-92.0484
30.468625	-97.795051
35.905322	-81.177682
35.695447	-79.791787
35.34348	-80.17798
30.703837	-86.122759
34.357856	-80.060223
38.073057	-83.952159
39.813378	-85.76962
38.685137	-85.795936
32.956112	-82.809363
34.985517	-81.215121
33.208361	-79.98291
36.2647	-92.577
33.877304	-98.540064
32.833472	-109.732836
39.129422	-94.833269
32.810475	-83.722105
30.257555	-98.85243
34.667462	-79.003173
35.591758	-80.855939
33.5809	-86.9227
39.07464	-84.892976
38.63119	-87.180333
29.911364	-90.020343
34.076393	-81.153723
37.8542	-85.9441
31.242087	-89.811623
32.98537	-93.459923
30.286747	-81.563827
31.9397	-87.7372
32.86589	-97.102504
39.3317	-85.4681
29.550968	-81.226546
33.982824	-81.098325
33.825658	-84.123727
30.33827	-97.692232
30.0701	-94.7501
37.567091	-84.310509
36.056703	-79.083078
31.868749	-89.744218
32.525417	-92.096831
36.005966	-84.252277
30.304584	-89.383472
35.980713	-77.80908
29.611084	-98.470634
39.626637	-106.502293
38.83966	-104.7699
33.647893	-86.824874
44.355222	-89.816807
27.71257	-82.334589
30.195378	-93.24924
30.265207	-82.108674
30.419496	-91.141541
30.159688	-85.591358
37.899347	-84.564772
42.407233	-88.608138
30.8019	-88.1008
28.533463	-82.5036
34.480817	-84.945076
32.8796	-111.712
30.452629	-81.705409
28.516925	-81.459439
37.673337	-97.413535
30.527201	-87.274727
30.54235	-84.22823
30.49529	-87.192231
36.2944	-87.0703
33.505617	-82.090597
33.3606	-86.8308
34.199062	-110.017783
39.87618	-104.9838
31.081376	-97.457855
37.817097	-82.815885
36.857668	-84.844947
35.386013	-77.947425
35.324841	-78.649153
35.080758	-78.955426
41.577279	-90.528416
35.348573	-82.439623
34.907228	-82.329618
28.117922	-81.973955
37.25479	-83.199691
35.050278	-89.812469
31.485786	-100.460702
30.219012	-97.755151
31.600226	-97.107746
34.763144	-79.481966
41.52207	-88.142023
36.972045	-84.106215
30.908721	-88.597728
35.123417	-78.879654
37.978541	-87.47373
40.328371	-83.761134
30.437439	-91.007403
34.302642	-78.724304
33.500728	-81.959506
32.381938	-88.748852
38.7411	-104.7352
39.07713	-108.5188
34.972679	-81.88347
39.5552	-97.6665
29.920166	-82.12902
32.499	-85.0446
41.0092	-92.4557
33.962548	-80.941219
36.06924	-79.499442
36.377573	-78.983169
39.451148	-83.781723
37.161775	-80.423166
33.421756	-82.063705
34.082745	-96.767431
26.14517	-97.635721
29.500287	-82.87004
34.778183	-77.391892
34.71339	-112.002693
35.102515	-77.087685
30.639658	-97.688359
41.27216	-85.854095
42.72038	-88.98462
32.889511	-105.959261
41.184203	-87.851595
37.288682	-80.088119
39.3959	-87.3985
32.539521	-84.953062
29.354764	-98.479466
34.085142	-83.989915
41.160337	-104.791232
35.579369	-82.514255
36.007003	-84.026299
35.908376	-83.843441
35.520015	-78.311316
35.791495	-80.259253
31.362966	-110.930961
40.944558	-98.384971
38.780476	-85.374927
40.287871	-84.192129
40.8518	-84.5632
37.804099	-79.408399
34.113794	-80.890517
33.702361	-84.168534
37.973925	-87.634664
30.023125	-90.269328
30.409399	-88.760797
29.491879	-98.437307
34.145966	-77.897046
37.351288	-79.184792
37.804525	-81.183444
29.949696	-90.181342
35.558916	-77.052641
34.734137	-76.81028
39.416737	-86.406958
32.787637	-108.251298
32.932937	-80.698157
32.938566	-80.036752
42.436034	-96.364389
30.398279	-86.455772
33.570724	-83.477369
32.618437	-83.670936
38.777348	-83.569935
34.24286	-111.3228
35.0824	-114.5967
39.206073	-85.880781
35.71941	-78.66012
34.0243	-84.1484
30.729079	-85.185654
36.321469	-86.596001
41.556046	-85.789439
35.574556	-77.387449
35.621253	-105.22574
33.41505	-111.57363
34.207712	-82.190743
32.424146	-80.731859
37.99985	-103.591779
35.259358	-81.125471
40.873372	-88.660008
26.276606	-80.206464
41.444985	-85.220349
27.845291	-82.687744
29.173994	-81.031214
34.243771	-77.875856
41.296337	-92.669849
43.458913	-89.76913
35.1974	-106.6818
37.323986	-79.497359
33.918648	-83.44279
28.98646	-95.933757
39.156211	-78.17435
39.455649	-84.175782
30.459636	-84.356552
40.054444	-84.236965
31.8592	-110.9959
41.304762	-105.541064
42.209903	-88.286373
34.6202	-106.6863
43.423663	-95.123988
41.40286	-84.132164
34.5801	-112.4425
38.592721	-89.953781
41.127415	-85.135881
40.707165	-89.460384
42.977284	-84.540452
37.246503	-77.389314
41.170217	-85.492874
38.47	-82.6442
39.585198	-82.952747
41.378515	-83.117282
43.995595	-88.579285
40.417189	-91.408002
44.281537	-85.400156
40.556423	-84.536614
38.82451	-104.8402
41.042932	-94.384195
37.65431	-113.085372
37.128466	-113.519717
40.556521	-112.295577
39.3129	-84.31958
39.094445	-84.269006
30.343565	-81.546965
41.522523	-82.860732
46.693198	-92.104299
44.07991	-87.696547
44.524237	-88.091375
39.935465	-91.333543
32.762637	-97.171313
41.265243	-110.959045
43.04183	-108.380511
34.940461	-85.218449
39.660295	-86.144095
40.621897	-98.384528
41.578409	-109.249882
31.8484	-86.6474
39.6882	-83.9645
35.14345	-80.929697
36.595282	-79.428236
36.333737	-84.178735
36.427063	-84.924694
34.306796	-89.919174
35.030878	-85.154962
44.166711	-93.950856
32.67538	-114.5987
38.3293	-85.75851
38.302366	-80.834381
38.43637	-82.538159
41.458453	-87.029929
40.171963	-84.960631
33.4472	-86.824
42.905154	-97.397886
37.277957	-78.398537
33.730315	-84.758513
42.267671	-88.976892
41.375054	-93.558216
39.863693	-84.102678
42.45997	-92.33065
37.812435	-80.431657
44.887651	-97.068193
36.426602	-77.632764
39.647379	-84.110186
37.50482	-82.536099
37.738418	-97.244425
44.779302	-106.942306
42.089986	-90.672948
38.438499	-90.378534
39.911563	-86.215698
39.032839	-82.623739
45.45757	-98.4363
39.260239	-84.598105
38.8764	-79.8305
37.650372	-77.606222
37.352726	-77.482691
37.611653	-77.354966
42.661286	-95.200759
36.297472	-76.300774
42.034563	-91.680669
39.975453	-76.673012
33.756184	-90.715634
33.581023	-112.230526
46.79175	-100.74996
43.51538	-96.771288
44.311585	-96.766783
40.761442	-82.590543
42.41574	-86.251613
26.691363	-80.200834
44.9841	-84.678
44.48048	-103.81388
39.280486	-80.278047
40.415663	-86.828815
33.47022	-112.221
35.646256	-80.490493
38.0211	-121.274
32.81146	-115.57424
39.927437	-86.021709
36.489767	-79.73499
36.164215	-115.062422
36.080946	-115.118827
34.696027	-118.172065
38.754483	-82.925302
46.90808	-102.789498
41.249225	-80.450083
38.6593	-83.7847
41.362594	-85.078782
42.846636	-88.323042
40.440066	-109.563743
39.593015	-110.790459
45.188114	-93.876294
34.043037	-84.334333
39.775363	-85.977699
46.862073	-96.865261
36.123013	-115.243269
41.120613	-100.763099
33.8337	-84.6252
25.935137	-80.294658
40.262167	-76.77296
43.821997	-83.001244
41.935027	-84.967398
40.228697	-83.339555
36.005948	-95.886869
44.095999	-103.201608
30.436496	-87.278181
35.154732	-85.248614
40.583091	-77.612548
43.0776	-82.4867
32.134037	-111.000114
42.849137	-106.269437
41.473474	-87.300049
43.080262	-77.624452
41.110998	-83.222401
41.2387	-75.8483
42.7747	-96.1607
35.608408	-97.548207
41.401773	-82.657243
37.042269	-76.380673
45.847773	-95.387799
41.315316	-96.066812
40.808279	-77.896747
42.581963	-84.804176
43.786682	-88.486037
36.3132	-119.67298
33.3938	-111.69925
40.81126	-84.9373
39.11133	-119.7783
38.184406	-122.254149
46.3444	-94.25294
40.025	-86.9002
41.620084	-80.215937
33.473944	-82.483201
39.97234	-104.8243
34.61169	-118.14764
35.262093	-77.646731
35.810955	-80.874349
35.734152	-77.95193
40.218106	-85.441719
44.77578	-91.431813
39.656826	-77.747293
37.935963	-86.755526
43.095093	-75.305539
43.878641	-91.185742
36.829434	-76.41768
44.392676	-100.313734
36.747128	-76.583026
39.6139	-104.813
39.89926	-88.95377
41.07304	-111.97802
39.457812	-77.987778
40.663497	-80.589382
41.1758	-112.001
41.658725	-84.999342
32.328606	-90.304741
33.526271	-86.720532
41.055653	-83.59504
43.68839	-85.513103
33.88853	-84.009118
44.433898	-95.770943
41.537987	-93.596616
40.535419	-81.916935
38.432894	-78.853748
40.0663	-85.65314
37.902239	-76.867357
42.99801	-84.139091
40.146294	-88.257926
44.8948	-94.3928
40.1833	-80.223207
42.263486	-89.630969
38.929509	-75.432007
39.729817	-75.033351
39.830844	-84.85316
33.349337	-111.962463
32.824923	-80.08294
43.235263	-70.881242
40.581257	-83.087229
43.623937	-83.898129
42.587884	-83.877507
39.9263	-85.3701
37.4409	-76.5571
37.2441	-81.2452
41.596521	-93.718396
40.050309	-79.075144
34.023051	-84.425673
40.272293	-111.71172
41.786181	-85.42805
42.193663	-121.757284
37.121408	-76.506763
44.519696	-122.902574
44.516567	-109.090409
39.30574	-81.55109
44.9647	-122.983693
43.467337	-85.976644
41.390212	-78.558573
45.148763	-122.877833
41.01102	-76.48896
42.811363	-71.580952
43.499351	-83.383005
43.571162	-89.469788
32.864	-96.6523
32.668943	-97.134083
39.039554	-95.761979
41.069366	-85.198784
33.7075	-116.281
41.966616	-84.670306
41.529623	-73.89621
36.862243	-76.209912
40.846934	-81.944542
45.850358	-119.290002
44.911684	-91.932412
39.824969	-76.979153
44.492843	-89.513007
42.954664	-76.544374
33.81558	-116.4885
38.306721	-77.511131
42.434744	-123.303278
42.094379	-76.014046
41.874963	-84.031311
30.005137	-95.281148
36.772829	-76.249505
36.055878	-79.89999
31.339881	-109.524992
29.194199	-82.091247
36.189563	-80.274409
39.923305	-77.606596
33.7284	-117.0088
32.6958	-115.497619
39.604721	-75.789056
44.629128	-70.155406
44.120138	-70.233341
46.591437	-111.991626
26.934263	-82.309954
39.145138	-76.648425
43.391463	-124.250469
40.68008	-80.302619
41.46407	-75.640358
40.877237	-79.943047
40.246527	-77.024076
41.760493	-111.83429
38.95049	-104.7992
42.560101	-113.789842
45.964218	-112.508296
43.48249	-111.98441
39.1442	-121.656
43.198559	-112.357728
43.093737	-78.971997
41.356563	-83.65069
26.347583	-80.203046
46.697835	-68.011472
46.701567	-92.456699
45.633437	-89.381364
40.296708	-81.848948
43.912207	-69.894226
42.61492	-73.7028
42.811081	-86.090257
40.85804	-96.681818
41.782996	-77.069541
44.92589	-74.87732
48.424315	-119.483892
42.454803	-79.310437
44.024837	-116.939827
42.316557	-89.032177
45.755337	-108.579274
26.406035	-98.942372
41.462721	-74.372308
40.476837	-86.105889
41.351891	-71.761409
41.228063	-95.847681
42.7989	-77.7853
39.497609	-76.174572
44.079363	-92.512907
43.375805	-72.328026
42.163088	-76.840241
41.363534	-86.329082
44.268286	-88.477691
41.261301	-82.611922
43.051104	-83.300585
38.78539	-121.28672
39.144735	-86.578004
44.69609	-73.487701
42.909699	-112.466112
37.0074	-121.55309
42.488956	-90.736889
35.46411	-80.593394
47.141635	-119.278197
41.789094	-86.250305
44.570337	-69.644253
44.329758	-84.782142
48.551676	-117.915319
39.913543	-79.754544
41.90501	-71.035315
41.741004	-72.177074
40.347651	-76.388647
39.765651	-93.065215
40.123927	-84.620742
38.320969	-81.715826
44.838901	-69.29757
32.769743	-89.128746
36.0396	-114.978607
35.221631	-114.035719
43.229244	-71.481507
43.0763	-73.7692
35.836193	-78.610957
40.308616	-79.580403
33.221123	-96.628059
42.07899	-86.422863
35.924631	-84.063793
29.736998	-95.514032
40.149698	-74.819384
39.406791	-81.418617
42.260963	-85.178566
39.581357	-79.957474
45.694839	-111.046003
33.026662	-96.829031
36.633696	-82.124874
43.131204	-75.222473
40.058028	-82.914209
45.626657	-84.477933
46.183165	-119.174066
43.95554	-86.400063
41.496735	-74.072455
33.4187	-86.6794
33.52402	-112.0935
30.751234	-85.550644
43.3341	-73.6753
42.498182	-75.528503
47.231337	-123.127697
33.443637	-94.100362
39.74041	-105.0803
44.917951	-89.649984
41.030766	-78.402795
39.000463	-95.694252
30.379064	-91.062224
30.23392	-97.823033
38.48164	-77.975763
42.80034	-71.24032
40.402637	-82.441428
43.477371	-70.499569
33.970727	-84.147752
37.17941	-77.364382
42.499932	-78.690212
36.700783	-93.369793
39.480283	-119.79757
41.460999	-84.550673
47.112948	-88.586497
41.367663	-72.065631
43.838841	-70.443981
39.97419	-76.771362
39.975154	-82.01303
34.023384	-80.95305
38.139036	-89.703374
37.141455	-93.257491
39.869276	-105.053513
40.830749	-77.80484
41.46897	-90.467299
39.394627	-77.41311
43.235505	-75.503026
26.614586	-81.664089
43.205275	-86.200121
29.44806	-98.646349
38.308914	-88.959815
46.316721	-119.986921
33.24149	-117.289864
46.674967	-122.978193
40.714078	-75.282032
40.98805	-76.014297
36.335284	-78.44128
42.448905	-75.042511
34.708861	-82.244741
46.602963	-120.481399
37.2309	-107.8644
44.781707	-88.581011
43.020099	-83.603332
40.343792	-79.943503
43.023202	-74.993547
41.010682	-80.390989
39.699731	-105.328599
37.631685	-77.458526
40.448151	-80.177442
33.2354	-87.612
40.545687	-111.898497
39.3454	-84.3956
40.89901	-85.51375
37.303942	-79.959758
40.599901	-79.195118
35.136559	-89.773277
41.368754	-72.15841
40.032336	-76.242218
40.450224	-86.925188
40.165484	-76.160163
41.5879	-84.1077
45.573895	-93.21246
42.642345	-83.210311
42.984073	-78.696811
45.061637	-83.479639
33.932621	-84.337342
41.127277	-75.34403
40.990556	-75.18337
41.478155	-72.812004
42.239287	-72.281226
27.923346	-82.326467
40.439494	-84.986477
39.3303	-82.9761
29.515587	-98.483061
45.354268	-84.971092
40.13729	-79.8474
43.856633	-73.438007
39.98203	-83.145611
38.023552	-97.336873
45.80905	-88.041372
35.361622	-83.20318
39.426214	-84.596811
43.077728	-75.6877
39.478322	-118.809068
47.524837	-111.297041
38.662015	-75.593479
36.069163	-80.340748
39.406675	-79.010773
33.651538	-84.000226
46.034773	-118.381811
41.555237	-75.224755
40.7876	-76.5569
26.754537	-80.947353
48.308524	-116.544085
40.202547	-87.630543
45.666714	-118.807462
40.285565	-79.38447
41.962011	-73.983694
29.57419	-95.573351
43.590437	-116.285405
40.3866	-111.823596
34.537922	-83.972838
38.074963	-75.556298
33.480363	-112.001459
39.7689	-76.66903
45.7524	-87.077838
41.117336	-77.475389
36.792204	-76.120458
42.524102	-88.984873
30.389717	-87.06639
31.18309	-85.40189
40.727576	-76.194037
47.664437	-117.193383
40.901876	-81.159729
41.035197	-84.036526
41.549363	-87.179354
41.667594	-74.677914
37.6576	-82.270317
45.622263	-122.565203
33.46077	-112.3386
42.536804	-83.02934
39.3409	-101.7481
38.564224	-86.466177
37.461174	-79.118185
39.300043	-77.830321
39.117547	-82.995565
40.2137	-77.1902
35.07081	-92.48588
39.495937	-76.653446
42.827887	-103.022878
34.991463	-78.349804
34.977873	-92.037367
40.386531	-79.821755
26.006199	-80.392392
36.020637	-115.120051
48.077665	-122.186714
41.3403	-79.7188
29.563227	-98.594217
38.823134	-82.17293
34.358532	-81.097072
31.757917	-106.27194
40.812363	-82.946294
40.41742	-75.918882
30.882211	-83.291498
40.954239	-117.744506
42.557393	-83.442168
43.660181	-84.237235
30.324087	-82.96678
37.977914	-84.529552
31.615599	-81.875583
42.36909	-83.335105
41.319417	-74.146798
38.4387	-82.6935
40.554252	-75.581743
37.06153	-78.006749
37.32802	-80.708088
38.870386	-78.52449
32.919148	-96.967351
35.135107	-107.83616
34.20064	-103.319035
36.727305	-85.687458
36.016101	-106.064669
43.397716	-88.196506
37.770484	-79.992128
40.473029	-78.748452
30.307263	-89.825958
32.792637	-96.68871
42.697004	-87.870212
33.28937	-111.8414
38.088317	-102.601375
41.414308	-80.359656
41.712937	-86.185075
41.7127	-85.9748
41.726901	-86.28892
39.656343	-80.858286
34.947202	-82.206761
32.275445	-95.306849
34.68174	-86.74005
38.319372	-85.820076
28.52748	-81.7291
39.085213	-78.957742
37.065738	-93.303311
34.155792	-79.767903
35.822441	-79.822583
36.66818	-76.952504
29.893087	-90.059125
33.704791	-78.912543
33.640075	-86.626864
43.126689	-95.151596
41.949063	-91.719722
64.857356	-147.688971
33.74362	-87.04253
29.694202	-95.211241
40.164866	-83.019656
39.937155	-82.787348
25.457977	-80.474947
39.81978	-88.885094
40.5844	-105.056
35.883592	-77.548108
33.715547	-84.937504
32.471434	-83.742657
35.225753	-97.423439
30.88492	-87.78811
28.153512	-82.353655
30.266434	-87.686455
35.86921	-82.043513
39.80502	-104.9313
34.9183	-83.3856
33.105779	-82.025803
43.770905	-71.744289
31.53986	-87.88582
37.149666	-80.583567
41.644337	-93.504983
33.62485	-111.8947
33.45178	-111.73382
33.37951	-111.8072
40.745137	-86.779594
33.943971	-78.029951
33.63882	-112.3563
33	-111.521
43.633165	-116.644274
43.549272	-116.572592
43.135776	-115.66579
40.300703	-96.746619
39.76278	-86.40222
39.888562	-86.12172
39.857347	-86.392668
26.531663	-80.094633
38.701845	-75.402888
36.108085	-80.097625
39.372642	-111.587177
37.750756	-77.461904
28.042581	-82.674089
35.66594	-97.51243
35.524837	-97.538442
36.702971	-77.543817
35.0342	-81.9775
37.431963	-77.619829
38.99922	-80.23419
38.79947	-81.348522
33.933126	-83.311624
43.985637	-92.461179
44.687535	-90.157928
25.856712	-80.323191
40.74254	-85.17124
43.634937	-95.593355
37.534117	-77.53238
30.47584	-90.86314
39.2249675	-81.5416521
41.69571	-91.613207
42.696876	-114.518309
39.3504	-80.002
35.592562	-78.782708
36.239465	-115.061929
36.061392	-115.036237
28.962256	-81.967146
42.845239	-73.749405
35.734447	-79.426662
41.154826	-95.934618
39.928642	-80.751274
41.58492	-71.99445
39.009949	-94.772103
39.01543	-94.123833
39.249134	-94.65659
43.130831	-77.690631
32.141037	-81.244503
43.668689	-116.27992
43.619363	-116.344552
29.499241	-98.702978
42.839493	-73.946245
28.340737	-81.384447
45.125761	-93.491573
33.096968	-96.797058
36.270337	-115.274003
33.986682	-118.103912
40.32007	-76.562186
41.816752	-90.244683
32.879937	-83.757277
31.855555	-102.411971
39.51288	-104.7646
37.226466	-95.742671
35.358148	-79.797792
41.932537	-79.612451
40.900763	-80.822628
43.286764	-76.135186
42.25264	-83.269714
29.906629	-90.369807
40.767719	-81.523306
30.102044	-81.707607
32.345885	-111.012961
45.828726	-108.470762
35.1401	-106.7086
33.055533	-96.770211
45.542757	-122.421212
33.033978	-80.063038
34.983207	-78.964333
38.326314	-75.612792
35.900179	-84.144775
37.362156	-81.046236
39.60381	-87.682479
41.304967	-93.105427
47.398926	-92.976734
30.181377	-92.005482
32.2149	-90.1543
37.274949	-87.141948
34.092262	-84.276625
39.981828	-75.932416
34.556761	-118.045132
34.689737	-118.098611
38.886412	-94.605923
41.548799	-88.199534
46.8202	-95.848
44.243663	-88.35313
26.231052	-80.154139
26.304354	-80.278546
42.491976	-71.727704
41.052436	-81.733491
38.6675	-85.1231
32.63652	-97.367778
32.766	-97.2877
34.74625	-85.269955
43.68562	-98.00993
30.522135	-97.832158
42.15385	-77.11855
29.611614	-95.64557
39.739059	-94.801377
32.997373	-96.855855
44.614516	-75.684676
42.427442	-82.215003
48.776705	-123.703436
53.540961	-113.642708
53.45128	-113.480383
44.264027	-76.573974
49.658936	-112.793505
43.012165	-81.331642
43.483098	-79.719351
45.45331	-75.510091
45.481619	-76.647261
42.986175	-82.349173
53.65785	-113.630509
43.656773	-79.434357
43.798777	-79.202344
42.312398	-82.942187
44.195641	-77.396839
43.196203	-80.016194
43.705383	-79.782483
43.739417	-79.694709
43.337882	-79.810687
43.795101	-79.53184
43.408404	-80.326523
44.611851	-79.454507
43.726447	-79.29478
43.943856	-78.851166
53.27802	-110.047659
53.018143	-112.859651
33.432208	-84.17986
33.778376	-84.606146
40.730663	-84.06125
28.803274	-81.330891
40.156893	-111.642219
39.840255	-89.604283
30.207528	-95.458716
36.880734	-76.425228
36.761405	-76.007002
46.826063	-119.153256
37.350659	-76.734855
37.063491	-113.584634
42.382206	-76.867228
34.707327	-82.759339
40.77831	-80.38449
32.839079	-96.59939
32.908017	-96.57846
29.783543	-95.802004
40.400464	-79.585634
34.163065	-99.31226
34.62295	-92.49537
35.2207	-94.2965
40.611541	-111.980232
47.495098	-94.908072
36.397396	-83.016369
25.925765	-80.171515
43.54445	-96.663073
33.64469	-112.23642
37.323358	-79.871451
46.016807	-91.472594
42.628083	-88.607103
39.5333	-83.4405
41.879383	-80.172883
39.537947	-119.86865
40.048368	-88.252701
44.047967	-123.170921
46.885418	-114.044937
47.2834	-119.565
46.261128	-119.307113
39.98879	-81.57383
37.12182	-76.457572
41.233063	-96.198862
45.123	-89.1398
44.539778	-70.517606
36.957926	-81.097571
33.146733	-86.749933
38.843865	-94.667979
32.904137	-97.188735
39.42003	-119.754378
40.734371	-96.600561
29.400919	-98.388574
43.1856	-77.6029
42.160248	-79.970697
39.540298	-82.439946
37.722775	-97.464894
32.609781	-97.182388
32.596187	-96.945362
33.1511	-97.0905
30.541422	-91.028307
36.388055	-81.481432
38.147085	-85.586035
35.991306	-95.797569
29.735981	-95.588857
29.922867	-95.602308
29.537114	-95.019434
40.564649	-84.178077
29.676695	-95.560655
36.3432	-79.6708
36.417276	-79.937013
35.1332	-90.0058
30.10791	-81.831
30.279796	-81.628267
28.89968	-81.1677
25.951865	-80.245597
39.59299	-104.8616
31.068535	-97.671405
26.258396	-98.318076
43.177229	-85.289401
34.1752	-92.0057
44.847139	-74.328549
39.4875	-75.04518
39.015118	-84.186551
39.191387	-78.205662
27.9923	-81.6764
26.76535	-80.088
27.024355	-82.044952
36.1074	-115.0462
33.2783	-111.794
36.666885	-87.44347
37.765156	-87.097555
40.921322	-111.882802
32.870508	-80.02053
27.52118	-82.552
35.224624	-80.893633
46.271167	-119.184269
32.453722	-100.3911
38.33701	-104.74318
35.172738	-101.8605
34.836837	-102.408266
33.7709	-86.4285
27.036333	-82.215207
33.938013	-84.025359
33.806444	-84.043655
30.191523	-95.58778
29.604488	-98.279423
41.403763	-94.987283
40.885346	-98.339517
25.9415	-80.213
41.707219	-88.301834
33.58763	-84.469332
33.505573	-84.232514
33.933907	-84.729781
32.955981	-96.818306
33.43785	-112.559167
39.18574	-119.7564
26.061016	-81.699048
29.63138	-95.23436
32.847374	-104.429736
36.73134	-108.227278
35.493137	-97.3705
32.751563	-97.718213
32.590046	-96.878511
42.295483	-88.423173
39.634384	-86.082521
41.628763	-86.258379
30.409937	-86.830908
41.617884	-83.703215
39.956023	-82.899492
41.485262	-112.028482
40.487082	-89.041495
40.794949	-89.631209
33.397037	-84.600094
34.036787	-84.052859
27.938037	-82.266172
33.997402	-117.71821
33.5097	-112.264013
34.029112	-84.658048
47.715763	-116.907044
36.158963	-115.201537
27.493316	-82.482477
36.902775	-82.048193
33.00345	-96.768063
29.582999	-90.695297
30.36134	-87.35939
34.880108	-84.097345
39.336604	-82.066901
42.672874	-83.013566
42.702527	-88.252928
37.679163	-97.205482
36.508397	-87.271438
43.753484	-87.942911
42.9856	-88.812129
29.804872	-95.163157
40.156193	-75.8672
39.388679	-84.507807
35.856496	-80.068138
43.585851	-89.813793
29.547862	-95.234692
44.777883	-93.41529
41.980863	-78.61704
39.1665	-83.5743
27.520675	-99.447563
34.072772	-117.963254
34.415	-118.505
28.536222	-82.406339
27.3114	-80.40751
30.85471	-89.156941
39.860396	-85.976579
39.77078	-104.89642
44.566227	-92.585072
43.02838	-71.07009
28.23025	-80.718525
40.158705	-75.141206
39.65306	-104.87902
40.70171	-112.02508
30.3761	-97.6768
33.546332	-82.1462
29.556117	-95.383166
35.480563	-94.225799
40.084002	-82.427878
39.892807	-82.043961
38.855179	-104.72293
42.608353	-73.789899
40.739037	-111.901161
42.530947	-96.37271
30.329	-95.5022
35.026568	-79.050126
34.815379	-106.763902
42.239768	-88.818373
39.745959	-89.643282
43.234935	-78.227723
41.801835	-81.071652
33.633852	-84.292532
36.092814	-79.405865
30.726637	-90.526398
40.5078	-111.977
33.890019	-84.311361
27.43	-99.4664
45.3033	-93.79406
26.1503	-80.2251
36.040192	-80.26236
34.233825	-83.871978
42.0428	-91.5838
43.42062	-82.856226
39.737623	-77.527583
40.833408	-75.988559
39.9244	-83.750107
31.995348	-102.07572
44.729444	-79.873659
46.85642	-100.7713
38.593081	-121.548497
43.545123	-79.684691
53.265093	-113.795005
36.11146	-79.749363
35.018927	-85.373302
35.078506	-80.648015
30.491	-81.6258
33.717597	-84.310564
38.692881	-121.294919
42.941267	-83.646773
36.199946	-115.193205
39.575186	-119.746185
35.31956	-106.575209
35.244496	-106.697067
35.032976	-81.03093
42.79434	-96.939
40.646115	-79.709845
43.604863	-116.510922
43.714049	-79.554552
40.160063	-85.3711
34.04673	-84.69814
32.592317	-83.609229
33.1444	-111.548
32.5182	-95.4379
40.150463	-84.208698
32.763997	-97.48166
33.803731	-84.413799
33.179649	-96.887065
39.837345	-86.247857
39.563762	-84.280633
30.395087	-87.278207
34.07832	-83.91788
41.6127	-88.026849
39.74355	-82.643759
38.98056	-105.044171
40.835478	-83.237065
37.4255	-81.5069
40.065071	-83.090821
39.8685	-105.056
34.91413	-76.9357
33.592263	-101.858312
32.432419	-94.716423
36.309818	-82.402977
35.082943	-85.064595
42.45761	-88.919379
40.5704	-79.8011
41.058417	-83.672864
43.064546	-77.357082
36.807549	-114.107724
40.367063	-86.860248
36.18665	-82.37412
43.04317	-89.349649
33.306569	-111.74204
34.75266	-77.4659
39.942879	-104.991641
29.663336	-82.300567
26.272552	-98.200513
29.435029	-98.713549
42.343566	-87.899571
42.464723	-87.869362
38.0122	-84.421
33.67547	-112.279919
35.070546	-106.191277
40.6583383	-95.8591642
32.835855	-96.171601
39.19788	-85.9455
30.086354	-97.822158
35.727316	-81.211168
35.385435	-85.379377
41.176072	-85.166233
41.0074	-85.0825
39.437064	-87.333195
36.115663	-97.119218
43.177089	-83.774483
47.5398	-116.2232
35.86594	-78.84656
45.72155	-94.946
42.016791	-93.610165
43.684431	-92.986856
39.40819	-88.802124
27.26444	-80.404631
28.9282	-82.01214
34.20889	-78.02335
35.450559	-81.005664
32.485644	-97.008748
45.45645	-91.089959
39.722919	-105.081321
41.72489	-88.375173
33.519663	-101.952975
38.678584	-121.222885
37.782612	-97.372169
41.07814	-87.859159
32.668527	-114.494057
33.349946	-86.618088
28.438215	-81.475091
30.503685	-87.87904
38.999224	-104.607809
33.609166	-112.336761
32.508016	-114.785
33.151085	-107.247917
41.4086	-81.5253
36.073452	-115.235085
39.610618	-119.231839
39.485055	-79.734244
45.12056	-94.49046
40.513989	-107.570684
32.86155	-79.7889
41.688357	-86.058305
41.747442	-88.243762
32.3581	-86.1339
34.002939	-85.0256
35.777588	-81.394851
35.95821	-85.827828
39.54127	-77.90766
33.254385	-111.631711
35.636771	-78.830879
38.102724	-82.627113
37.401172	-77.677142
41.546408	-83.593642
33.5634	-81.7686
35.82897	-78.29636
34.13768	-80.966261
41.50043	-90.404929
41.60821	-88.123372
29.86136	-95.720329
34.156184	-114.276833
39.046556	-94.442055
35.42795	-78.06362
35.37944	-80.72463
30.63965	-88.24811
35.608347	-78.559634
35.399185	-81.339443
39.378758	-104.653789
29.925605	-90.06825
41.131377	-85.009401
41.637371	-83.458851
41.676263	-83.681058
32.356902	-111.091669
40.25763	-103.7725
26.612424	-81.813405
27.90314	-81.9737
28.063981	-82.551609
30.62271	-81.535581
41.651905	-88.203758
39.10218	-75.544182
42.433882	-90.44843
30.013131	-95.591057
35.663079	-78.495787
39.6057	-105.151
40.42221	-104.75628
30.320703	-81.495332
26.150409	-81.686911
30.329708	-90.983742
35.831678	-86.350104
36.1697	-86.7691
35.137515	-80.734995
36.094152	-115.297231
34.631473	-98.474637
44.776016	-68.733929
30.310717	-89.258535
32.845406	-97.186036
35.25076	-81.03334
33.832687	-78.674232
44.434519	-88.104823
29.975	-95.6991
33.003363	-96.989949
43.489395	-83.973905
39.07963	-108.58563
39.709554	-84.205079
38.96108	-78.18695
33.6102	-86.281
41.560063	-90.621303
29.664103	-95.100038
38.065565	-78.934725
35.910193	-78.777982
38.94259	-104.72259
33.55307	-112.17946
34.16141	-85.71413
43.767362	-91.212131
40.43368	-122.28794
39.12529	-121.5738
39.6063	-104.705
38.47	-121.8192
41.292337	-96.180432
29.496605	-98.32433
29.488445	-98.535157
29.515635	-98.634534
32.762757	-96.895402
34.218878	-85.129709
34.050521	-118.082065
32.291685	-106.784751
33.923037	-116.976415
40.628532	-89.46293
44.253553	-84.225446
42.247637	-84.434583
26.191747	-98.128585
32.268841	-107.746807
40.027211	-111.754709
38.74967	-112.08799
41.116937	-102.947112
30.102941	-83.582469
34.785551	-84.996687
30.76307	-88.22591
36.184264	-85.457909
39.8595	-82.8156
39.927861	-83.116977
33.3049	-111.744
33.49513	-112.17212
33.7129	-112.109
32.7516	-96.461
38.709628	-121.330576
35.004898	-90.025467
34.6598	-86.4822
42.466472	-88.063541
39.90834	-83.426176
33.022904	-96.51484
33.158878	-96.680877
35.21224	-101.902584
27.736857	-82.679554
28.022947	-82.505244
39.52401	-107.76925
40.638463	-112.026291
41.137465	-112.064317
36.988663	-86.483628
40.352381	-75.628375
43.160176	-76.120569
34.81111	-92.48473
29.351563	-98.432986
29.3575	-96.1038
33.012823	-97.220525
28.1004	-81.4848
35.0089	-85.2093
33.84212	-83.908197
36.721291	-76.308503
35.948674	-78.533773
36.3126	-94.1621
36.509773	-94.276833
33.3376	-86.7918
35.128235	-84.866431
27.178102	-82.481128
28.34056	-82.69911
40.348394	-111.727872
47.75429	-122.665055
40.83653	-81.328447
30.077171	-95.516536
32.647813	-96.534948
35.798676	-78.562104
38.425739	-82.258852
35.260962	-81.223362
28.355619	-81.67698
27.849563	-82.354782
26.692139	-80.110088
34.562867	-112.48819
41.2868	-82.2173
33.21942	-96.7328
32.774035	-97.291146
38.77424	-90.78254
32.887526	-97.387853
30.164057	-97.788444
37.755	-81.2227
26.231837	-80.1299
29.058556	-82.278036
33.87165	-112.15239
33.5263	-112.134
33.4227	-112.22275
39.7629	-104.772
32.959779	-115.549807
39.92679	-105.137
32.68218	-114.65036
38.23283	-77.503728
36.0684	-79.26984
32.370739	-86.270837
40.670068	-111.865189
40.65302	-83.588379
40.442212	-79.228656
40.059568	-77.496785
32.903907	-97.543661
41.634098	-79.69729
41.212505	-96.113215
33.4361	-84.3144
44.91341	-122.997367
33.45895	-112.3927
40.2041	-105.10263
39.7663	-84.6374
44.275119	-83.506146
40.002092	-79.604462
41.304795	-84.360934
43.04189	-86.220149
41.45964	-81.083495
31.492478	-97.215061
33.946765	-84.518655
26.270607	-81.74762
31.781992	-82.358899
36.54604	-119.40276
44.034669	-91.619285
42.315292	-89.113898
41.826387	-89.474965
40.113308	-88.162762
39.85769	-84.330768
40.796742	-81.422147
42.942682	-85.074886
32.750049	-97.096914
38.126736	-85.779453
38.19994	-85.669943
34.822419	-89.971831
28.345412	-81.486633
30.891563	-84.568539
33.76724	-116.958603
33.38304	-111.73865
35.026232	-106.713831
45.099263	-92.535843
34.63018	-93.05766
41.320553	-72.873607
39.699566	-86.082767
42.121885	-80.042901
27.998563	-80.640561
38.74779	-108.05074
27.88954	-97.31292
45.619129	-122.476195
39.878563	-83.043563
40.684959	-82.511117
30.452491	-97.604211
30.532122	-97.614189
35.32844	-80.946409
33.302	-83.3848
41.586074	-87.71417
34.9624	-82.4258
36.851406	-76.275614
34.671106	-79.181213
35.108976	-106.550707
34.063806	-106.891171
25.916862	-97.410725
43.491174	-112.051031
43.782021	-75.477845
39.1608	-84.278371
37.694796	-120.994214
37.978382	-87.400345
33.472016	-82.22212
43.860682	-79.714143
45.342568	-79.231403
35.254906	-80.454512
53.692157	-113.23763
33.393357	-111.928466
44.01626	-79.414289
49.044366	-122.780727
51.26884	-114.008449
50.001389	-110.66723
50.706301	-113.974596
34.7907	-92.275915
35.5941	-91.2339
36.755522	-90.408336
39.28346	-94.903537
36.640529	-93.259198
37.033163	-95.642984
38.3202	-92.5878
38.866477	-91.944
35.142063	-93.902066
36.075112	-90.973549
35.697563	-89.980077
38.9515	-92.34138
34.904868	-91.198724
36.947548	-93.718771
38.433658	-90.97209
35.861137	-97.42523
34.67653	-88.562429
33.6273	-88.659064
32.858154	-93.985155
34.022655	-94.739333
34.748392	-92.407301
35.849075	-97.93243
33.6582	-94.1158
35.411837	-99.442486
36.811308	-97.298397
33.6123	-95.04006
39.332896	-91.182571
34.795281	-91.894962
33.5774	-92.8358
34.722801	-88.949745
36.317831	-96.464369
37.006555	-94.738726
35.503339	-93.845235
35.086937	-96.382331
33.470509	-89.735612
34.506437	-96.994724
35.292037	-93.71468
34.368603	-96.13922
36.411489	-90.594584
37.766245	-88.512554
33.0373	-89.5571
33.2743	-95.8954
35.439663	-95.974772
38.775816	-89.954757
34.84906	-88.20668
33.603935	-91.382601
29.4941	-97.4351
29.864769	-97.668746
30.396648	-96.071651
29.81274	-91.513287
38.40954	-90.572334
38.81186	-94.495821
31.306307	-96.875953
35.8111	-96.3493
39.0769	-93.7378
36.418291	-94.805824
33.820904	-92.435532
35.471752	-95.530717
37.690569	-96.971226
37.935548	-89.789916
38.354683	-91.481704
38.431737	-92.854691
33.935898	-87.837196
37.228127	-96.995823
37.267437	-97.411095
36.002627	-95.680979
34.7071	-86.5896
34.900257	-94.106461
29.088005	-97.273312
35.4052	-94.398661
35.525863	-98.69843
34.238941	-87.597528
33.896031	-88.989804
30.145972	-91.822783
40.148115	-97.171379
38.610175	-89.390811
30.957438	-95.895499
38.913	-92.2982
36.570084	-89.970815
30.143486	-94.016045
39.389691	-89.084329
29.153171	-98.165711
30.178934	-96.912545
28.987378	-96.650681
28.900112	-99.092897
39.5973	-90.80033
29.149476	-95.6592
38.924363	-95.259423
40.14815	-88.960369
27.668047	-97.284354
31.690833	-92.141342
29.429	-90.294
29.69484	-96.540141
37.74411	-84.8422
32.1359	-94.3181
28.819901	-97.846558
29.677264	-82.33884
37.137851	-83.770235
38.726904	-87.700468
37.117587	-82.793791
27.549019	-99.504454
32.542164	-82.955572
38.426147	-96.217227
30.538237	-96.695154
36.262587	-85.954742
37.089158	-85.303694
36.515011	-84.507069
37.787182	-89.027681
36.509589	-82.51639
32.043197	-81.00885
35.01575	-99.101474
39.102763	-87.422858
33.877394	-79.756482
32.723385	-102.665805
34.435955	-79.369537
34.722206	-81.639619
34.188493	-79.829391
34.816467	-82.601231
32.8173	-79.8558
34.249078	-80.648648
38.74484	-90.591491
36.858572	-82.756655
35.771244	-83.989608
37.556528	-83.360956
36.306513	-86.686469
37.65582	-82.78331
34.361899	-89.565905
28.341529	-82.187243
32.211113	-80.728033
35.1962	-86.0989
38.555051	-90.167223
42.051356	-93.620784
41.41007	-92.933006
37.767989	-86.442126
28.000563	-81.957254
39.752237	-92.463974
41.19785	-90.732
42.603363	-89.663214
30.78899	-89.864159
38.508034	-90.441064
38.961591	-92.74116
35.146022	-106.553387
35.65056	-105.999841
41.763605	-89.68922
36.524523	-91.53284
36.1358	-96.1697
41.788125	-91.127315
31.2327	-84.19995
37.640737	-93.105204
29.903833	-96.908722
30.0557	-95.463
37.0015	-91.7026
36.387446	-105.584628
31.565227	-93.491871
38.2672	-94.2867
41.705037	-93.583084
34.8207	-97.5864
38.072993	-91.404628
30.894037	-102.896522
31.408945	-103.486613
40.152916	-105.130419
33.038766	-83.938563
27.98171	-82.3014
27.2268	-98.1406
41.937356	-89.068314
32.75944	-97.42356
27.893516	-82.269973
37.1433	-90.7009
35.7011	-81.3598
30.093567	-96.060273
31.8667	-90.3993
28.6589	-81.4948
28.138463	-80.582825
41.432972	-90.157513
28.004237	-81.722886
30.647105	-81.455135
43.65146	-94.094981
41.006347	-91.98656
39.586699	-106.094901
28.189218	-82.457416
30.005825	-90.225328
39.2829	-86.7745
44.37933	-64.516359
43.66897	-79.483559
42.7003	-92.47118
53.22158	-114.995499
54.133734	-115.665187
49.097631	-117.711944
39.657429	-87.431239
47.053811	-67.744008
45.61143	-62.014609
39.047063	-94.365209
49.721875	-123.150254
43.840911	-66.097396
44.599491	-65.770622
49.26613	-124.783639
45.594915	-70.910222
46.0444	-74.272809
49.19514	-97.936539
48.843032	-67.552613
47.18159	-55.147609
35.39182	-80.62432
50.156162	-96.898722
51.46225	-112.737899
28.8033	-82.5761
34.7297	-80.7547
55.27479	-114.777709
35.07564	-89.894627
45.41457	-75.650958
45.609594	-73.698373
30.189563	-85.667253
47.394532	-68.344384
52.321639	-112.739432
52.948403	-66.922402
50.12296	-120.757489
42.949214	-81.607533
44.501186	-80.234496
46.130801	-70.677377
44.26467	-76.965039
43.17426	-79.781329
46.173072	-67.604559
46.76753	-71.201989
28.534771	-99.851356
49.78807	-112.127549
53.57643	-116.448326
51.049416	-113.39203
32.754911	-101.948987
45.7248	-65.527309
32.962997	-96.644991
32.550594	-85.917025
45.395874	-74.054355
35.725302	-81.692466
31.046031	-85.892628
35.928536	-81.527163
51.47461	-109.156319
45.98471	-66.621679
29.458785	-96.939687
33.78433	-89.833258
45.28006	-72.126901
31.726882	-99.958192
29.0221	-80.9757
29.624532	-82.375396
28.505345	-81.310555
45.734916	-73.5367
45.46524	-75.71956
30.401829	-88.974904
33.181237	-102.256735
38.984912	-94.460626
39.520429	-107.319515
34.121739	-87.989859
32.464104	-91.760262
32.770534	-92.394652
35.558856	-87.53071
26.124418	-81.763281
39.2061	-94.5212
34.493261	-81.982666
30.424947	-91.216729
43.050725	-89.508366
38.189176	-83.477416
30.596225	-96.299958
43.056855	-96.175487
39.014629	-85.639598
36.438988	-83.606398
38.784354	-90.526247
34.632331	-78.619948
42.588557	-87.862102
38.103783	-85.868919
27.392038	-82.505754
30.287663	-81.438878
35.175487	-111.666647
42.919361	-89.243
38.595515	-90.506504
35.455905	-82.521058
33.90939	-84.493169
38.733647	-90.391659
36.85774	-83.86909
30.684751	-91.457649
39.767037	-105.14232
35.486107	-81.243722
39.36545	-101.04645
35.181838	-83.355781
30.149051	-81.754937
42.379447	-88.06453
29.487767	-98.586533
40.1074	-83.7658
31.560167	-110.257138
36.697262	-79.853573
38.137629	-85.671267
39.561223	-104.910548
32.961705	-99.802735
39.629815	-85.444721
38.765114	-90.280704
43.176064	-89.245174
38.218055	-85.585236
32.696681	-100.919362
42.834922	-88.758994
40.071824	-86.47423
43.715356	-87.757924
44.294579	-90.833775
36.289563	-97.300146
29.810813	-95.460217
36.150777	-81.19482
32.235363	-110.839866
40.480431	-85.672536
37.223753	-79.968322
36.95516	-82.61128
39.638597	-105.082474
35.175462	-78.968725
44.845177	-87.367088
36.082921	-83.93323
40.726909	-89.61293
32.286737	-110.964506
35.040964	-110.701278
40.757094	-86.312701
40.753205	-84.14728
42.464358	-96.427585
33.41389	-110.835857
36.844626	-81.500969
36.286858	-80.852858
32.467182	-84.914295
38.1377	-79.0771
36.73424	-78.912928
26.16727	-80.256267
34.739394	-77.976011
38.0477	-81.1239
34.502863	-114.348227
44.960906	-92.725241
45.178037	-89.654644
28.6606	-81.419334
42.356052	-88.267509
42.035608	-93.879884
42.962468	-88.047586
38.532897	-89.157437
26.572265	-80.11447
41.757486	-88.205674
34.545951	-83.543216
42.183985	-88.08794
29.792761	-95.564876
42.014736	-88.144845
43.406705	-84.666988
43.572106	-84.758251
43.575263	-84.766538
26.651225	-80.142424
36.704281	-101.484874
36.8262	-111.3006
45.47539	-91.763
40.86842	-82.30932
38.82452	-81.72396
40.002955	-90.43887
35.098979	-80.781769
45.094737	-95.042305
44.411262	-88.741791
44.739355	-92.891789
41.297183	-91.66236
28.026037	-82.55838
44.273452	-105.494275
41.678917	-86.894183
42.240304	-87.949572
39.703763	-104.826052
31.510872	-87.320647
27.713972	-97.383929
41.501489	-87.732554
36.133855	-79.857883
28.085437	-82.504562
39.68154	-84.22118
42.483663	-91.475398
39.010017	-84.649577
25.993773	-80.24791
33.335237	-111.855592
28.09377	-82.739655
38.435778	-90.380809
43.19616	-88.14484
35.660648	-101.407024
26.260462	-80.127453
42.092984	-88.257774
33.638491	-112.185219
27.808752	-82.752841
39.844059	-77.201472
47.889363	-97.063898
42.503693	-93.262213
40.775527	-87.705893
38.553712	-106.926724
42.924064	-87.949986
41.938936	-88.105095
41.601378	-87.844065
36.200696	-89.66908
35.232906	-89.897275
45.207234	-93.359318
48.179951	-103.625493
41.620748	-85.897936
35.317901	-119.028327
39.497863	-121.576578
41.493759	-87.470716
36.297745	-78.58733
36.974737	-120.08103
37.671838	-121.03582
34.47072	-117.33069
26.437179	-80.122442
40.028163	-82.443802
41.695071	-88.068018
33.640363	-111.981438
38.914853	-94.668323
35.607454	-117.670906
40.007363	-86.123499
39.752637	-89.708002
34.708088	-81.191569
40.162191	-122.22883
47.216596	-93.528597
43.215508	-77.730459
35.993264	-80.030102
36.035984	-78.893575
38.009679	-121.869992
40.410862	-120.636394
31.141179	-87.069018
40.742455	-92.867818
35.390555	-118.961432
46.877537	-96.724252
39.529532	-87.1009
41.699356	-122.647145
45.545536	-94.19709
45.975399	-94.335639
43.017163	-88.200686
48.195424	-101.298646
31.876786	-85.150827
41.051241	-86.218581
35.848657	-77.049345
40.989437	-76.879436
46.881863	-98.721261
43.384763	-87.923478
39.019956	-80.415952
44.291152	-93.303091
35.46588	-83.01073
35.21007	-80.782633
40.817648	-85.840674
42.385463	-87.964871
40.343666	-75.975559
41.174129	-96.020148
46.60587	-90.85272
42.877967	-77.242325
37.556537	-85.281872
43.048783	-88.370446
25.684457	-80.450065
42.06875	-87.923801
40.761874	-95.38528
40.018593	-78.462812
40.65184	-111.938618
36.823931	-76.068766
38.989497	-94.700299
34.050199	-117.308933
34.063237	-117.223989
35.703918	-82.037369
48.104089	-98.868952
46.2911	-96.12482
38.409336	-121.391625
42.928799	-71.462128
32.959078	-117.040393
34.093051	-82.84666
28.1424	-80.651
38.362422	-121.957911
42.961123	-76.842032
27.926762	-82.787892
40.592519	-90.035315
39.424911	-80.194345
38.773256	-76.057189
38.54071	-76.590191
38.638509	-76.896747
41.6472	-91.5414
39.821889	-84.287545
43.968093	-88.976257
39.659032	-85.129014
42.858037	-77.0225
42.018361	-95.375309
42.153559	-87.952729
39.19585	-75.550322
41.87247	-87.961823
36.821072	-83.318784
43.191092	-77.503055
33.818582	-117.22636
35.860239	-78.708023
42.898265	-71.33472
38.36872	-122.715008
34.10649	-117.430286
46.812834	-92.176558
38.670866	-121.166854
38.735716	-90.143779
42.88357	-70.86371
33.981461	-78.37346
41.127932	-78.736015
40.687545	-80.10292
35.452107	-79.136222
43.16422	-88.7333
40.293	-75.841
41.705654	-87.798279
38.097367	-78.465246
42.573296	-76.217486
38.355597	-87.593107
42.726076	-71.423882
44.829808	-93.164674
42.067459	-94.873212
43.621066	-70.350824
38.115363	-121.303828
41.951669	-83.398985
35.275592	-82.703409
44.125048	-69.098203
43.0174	-74.3872
39.813069	-74.930215
40.462477	-106.820476
43.0521	-77.0948
42.053169	-88.339485
36.808437	-119.859087
35.798234	-78.491716
41.764903	-88.368598
40.813543	-79.545267
35.211837	-80.689331
42.230363	-83.64936
38.797483	-77.523719
36.326004	-119.272509
40.726819	-111.547447
34.18425	-79.365951
43.1759	-76.1774
36.215958	-115.242469
41.398937	-82.102794
37.78638	-121.216256
45.2076	-123.2148
39.973923	-74.240312
26.060839	-80.313146
41.875465	-88.065729
26.208163	-80.223149
38.646887	-77.294736
44.856998	-93.431695
44.836251	-68.73968
41.678548	-81.306495
44.94925	-95.68886
45.032676	-92.83424
34.072829	-117.370561
41.642363	-81.443201
45.099475	-93.387087
44.541263	-95.091451
39.585089	-76.985651
39.894237	-74.913655
46.732637	-117.035032
43.974406	-75.957811
41.790076	-71.499675
45.711218	-121.537824
36.080537	-119.045941
43.834743	-111.777909
34.881767	-116.993629
38.712259	-121.392036
36.576163	-119.6315
41.261218	-76.915808
45.337564	-118.058818
38.415234	-75.566796
41.807766	-72.53829
41.78331	-87.857893
38.935941	-76.718175
41.162066	-81.862125
41.1484	-81.6287
42.002392	-88.045724
41.923234	-88.262301
33.94154	-117.284261
39.113737	-77.540729
41.644397	-70.886112
42.851551	-72.547425
44.480665	-87.970054
41.772837	-124.193407
40.991614	-81.492189
33.889501	-117.520177
34.135937	-117.197179
34.122932	-116.416365
32.842504	-116.98755
42.114637	-71.462714
45.3808	-68.4814
44.879484	-123.028442
39.703802	-74.273357
34.106063	-117.529319
43.035947	-85.689874
44.654823	-124.054599
43.4475	-76.4867
41.313285	-81.514644
43.001963	-83.765839
42.827847	-71.107374
44.523835	-68.398132
41.906763	-87.909875
36.716289	-78.116272
40.2801	-78.8417
46.463953	-84.372471
41.764771	-87.742611
34.117367	-117.826929
40.40531	-80.549873
36.272219	-76.970972
45.123466	-93.265466
36.083356	-78.316884
43.415622	-70.75009
26.273604	-81.801851
27.956471	-82.505444
38.98766	-84.40489
37.507427	-120.872083
42.138918	-72.507143
37.5036	-77.628311
42.373008	-71.562227
37.698655	-121.768851
42.099064	-79.302528
46.135	-67.8599
40.070771	-74.123492
38.926241	-122.612528
41.924354	-71.888853
38.287034	-76.479191
37.606673	-120.938526
42.678381	-73.10666
39.099843	-76.805141
34.661037	-120.466585
40.266082	-83.070029
34.106763	-117.678599
43.19816	-77.93077
25.986536	-80.121302
42.752001	-73.766535
36.098827	-75.72041
36.736089	-119.721796
40.4509	-74.4815
46.392825	-116.990614
41.16878	-80.11176
39.463895	-76.316343
42.169004	-71.8827
38.85884	-77.39232
40.927275	-87.155816
41.524548	-75.95045
37.753767	-121.471019
39.624663	-78.837247
33.935495	-117.454264
42.366996	-122.856085
37.973723	-120.367829
37.603316	-122.069263
34.220026	-119.158465
46.977163	-123.807125
39.024196	-77.429125
37.317706	-120.499786
37.117244	-87.866066
40.050066	-74.840016
39.613442	-75.502744
42.739	-78.1564
39.722931	-121.801777
39.378968	-76.506289
42.32695	-83.044891
38.237624	-122.083772
40.455084	-78.408819
39.13407	-123.198602
39.524464	-122.217897
38.362871	-120.798183
42.74201	-72.03773
38.001231	-84.446322
42.449615	-85.66968
41.099463	-80.773082
41.35106	-74.734017
40.170941	-74.851531
42.245496	-122.778902
61.192448	-149.882827
61.139886	-149.864383
41.3773	-81.7832
61.568975	-149.359591
44.021537	-121.31814
33.658973	-117.294301
46.532	-87.3998
27.983315	-82.729954
33.870454	-118.061383
45.050063	-93.064981
43.017203	-78.203364
41.116395	-74.58082
25.785237	-80.335805
44.6783	-75.495
33.17064	-117.215398
41.759395	-70.663127
40.195279	-75.079967
42.280311	73.756878
35.614911	-120.681159
42.140485	-71.216729
32.926152	-96.839252
39.555855	-119.782244
43.144043	-78.696711
39.454609	-74.654038
39.422881	-75.039367
33.902262	-118.143064
33.508074	-111.891434
40.4747	-81.4402
37.056609	-120.874781
42.592489	-71.758645
37.431727	-121.919557
42.12154	-71.03279
39.771007	-84.056091
21.44487	-158.026949
41.995605	-70.844859
43.032126	-70.786575
35.2952	-80.7559
42.680755	-74.457661
35.953815	-78.996192
43.6442	-72.3065
42.449152	-70.963357
44.01996	-71.1152
39.924116	-75.143362
44.7752	-69.7242
41.819017	-73.081377
40.644594	-75.492165
42.965745	-74.184488
46.8561	-114.0132
32.578974	-117.034937
26.145867	-80.317551
42.699623	-73.850172
42.550648	-71.992071
40.882332	-72.944845
41.641138	-71.007292
42.287673	-71.656076
42.07888	-78.468984
37.700078	-121.884545
41.28996	-73.11241
43.062526	-76.061058
40.022674	-75.632063
40.815281	-75.734631
41.507363	-72.12265
40.303096	-74.675854
39.290022	-84.460566
42.108598	-72.706575
26.934263	-80.128645
32.805547	-117.114329
45.183785	-67.268145
42.555825	-70.972267
44.115	-70.5062
41.793459	-71.326734
40.8237	-76.8719
47.449282	-120.331774
61.310563	-149.535713
38.677028	-121.741399
40.3754	-80.6353
38.769921	-77.138052
40.132113	-74.223909
48.109287	-123.360015
41.272804	-80.781425
44.861763	-93.265292
40.075091	-80.87322
31.776551	-106.387403
41.862661	-87.818937
33.563619	-117.715535
40.619558	-111.856918
41.975394	-76.541124
43.009737	-78.822011
41.028234	-80.631642
38.497755	-90.300221
41.751144	-87.999196
33.680414	-117.668125
42.62370111	-71.26564175
44.443348	-73.121281
42.014859	-71.470831
42.093532	-70.969222
42.468144	-73.196072
41.279587	-72.831165
40.285736	-75.395907
33.836972	-117.941434
44.242813	-121.190521
38.411293	-82.385516
42.963764	-71.481515
35.737559	-78.780158
39.283363	-76.750522
39.148754	-84.402731
34.000167	-117.932165
32.82836	-116.904412
39.646405	-74.786733
29.850731	-95.50914
38.743264	-77.085053
48.208713	-114.291198
41.581109	-71.492999
40.254993	-75.66283
42.786085	-73.942842
41.346232	-81.823779
42.353695	-71.784512
38.555004	-76.053393
45.276876	-92.998994
39.4999	-84.7443
41.619769	-86.693296
36.808637	-119.716431
42.056664	-80.086746
39.19233	-76.608786
37.400577	-122.108943
41.921917	-72.607359
41.664171	-71.566457
41.469197	-73.027675
40.8706	-73.0806
34.02763	-117.761553
42.900364	-73.211535
39.407288	-76.762943
32.6223	-117.086
34.102681	-117.907765
40.527862	-74.856202
34.382473	-118.570878
41.606907	-72.712065
21.982201	-159.367215
36.029802	-83.867062
41.2497	-81.3507
21.391044	-158.033729
44.932685	-123.307059
41.418663	-81.89716
47.626867	-122.629103
48.287835	-122.662892
43.800558	-123.039914
19.647015	-155.989117
41.165119	-81.477087
47.51631	-122.631033
42.348184	-77.667637
42.586905	-72.284536
43.335355	-71.01004
34.5531	-117.191
43.109677	-89.311753
41.978435	-70.690331
37.008157	-79.780039
44.725013	-85.634397
42.238246	-70.985081
32.719903	-79.966564
42.214375	-73.882197
39.198589	-77.245223
41.880999	-80.748741
40.872374	-81.434396
41.520382	-81.549741
41.934708	-71.351098
45.82236	-92.9775
43.4456	-71.5758
42.74655	-73.63982
41.752359	-71.415813
47.29688	-122.250079
43.100193	-70.804407
42.951466	-71.439811
34.12746	-117.98846
40.839262	-115.793014
47.161963	-122.289437
42.742185	-78.870605
39.282107	-76.819029
38.706211	-120.830644
38.727257	-75.131731
45.4101	-92.6109
45.848242	-122.831141
32.936014	-96.75177
39.92688	-83.8334
39.286045	-76.496945
39.403958	-76.949649
38.69184	-77.789438
38.472733	-77.415787
40.286936	-75.264132
40.448939	-75.361383
39.128418	-84.600694
48.80081	-122.485791
43.089015	-87.906048
38.59526	-121.290875
36.70935	-121.664809
27.291253	-82.451941
46.154509	-122.98165
40.073313	-83.139263
19.699437	-155.063928
43.233485	-123.372107
32.74307	-117.05208
33.414663	-111.859208
39.035246	-94.640076
42.913192	-85.523225
33.181074	-117.345297
33.765969	-117.99014
36.19685	-81.657585
40.677868	-75.151221
40.81539	-74.841373
41.157719	-81.299572
34.920232	-120.42172
45.890937	-89.719726
33.639963	-112.0982
47.472584	-122.217672
33.738163	-117.917159
40.196521	-74.638772
38.285372	-77.437923
33.911237	-117.864047
37.254762	-121.800353
34.27519	-118.566559
33.453751	-117.605837
43.6165	-72.9646
41.311662	-73.870606
36.225937	-119.33059
40.585563	-122.344139
44.093124	-123.092422
41.18998	-79.39463
41.307473	-75.768762
45.086861	-87.660459
33.827828	-117.836275
47.741518	-117.405895
39.364881	-77.162877
45.491963	-122.578603
38.526852	-122.790201
39.655852	-75.625658
35.126622	-120.596916
35.383712	-119.095099
42.621563	-83.052286
38.342417	-75.159427
42.069308	-80.189561
38.6762	-78.4232
42.882518	-85.782112
34.221988	-118.448965
40.874649	-74.653215
41.695668	-72.790915
47.320276	-122.309079
38.4216	-81.8276
43.040968	-76.274304
40.629173	-74.922584
40.694241	-73.578134
33.857089	-84.206398
41.200508	-73.116858
42.906195	-78.78046
36.23882	-115.2085
47.849623	-122.252722
48.436393	-122.338104
38.63771	-121.504739
38.667495	-90.590276
40.621164	-79.944744
41.076611	-74.737648
47.687786	-114.121404
46.402937	-105.822333
33.832263	-118.158961
37.858294	-82.044884
38.790602	-90.699148
42.645662	-85.324725
34.281163	-118.792622
28.069063	-82.429334
41.302689	-81.668983
40.55268	-74.441312
33.701063	-117.986166
43.563949	-71.439859
42.4935	-70.9342
44.732077	-93.223974
44.945137	-92.900095
43.435192	-84.030855
37.718033	-122.18079
40.082717	-74.965797
40.545022	-74.586685
48.890652	-116.982178
42.57178	-71.109987
40.9544	-78.9777
39.889347	-82.997917
44.30398	-71.79908
44.215119	-72.565915
42.355216	-72.555714
42.635908	-82.854412
42.789737	-83.744451
38.562896	-90.406691
37.962039	-121.763961
42.657117	-83.467699
33.4897	-117.2017
55.3732	-131.7244
57.810443	-152.363288
30.4649	-88.9358
31.350315	-89.33865
29.676686	-95.458745
41.698879	-72.896105
32.5368	-90.195
38.496241	-121.435233
41.720612	-71.48304
39.655037	-104.993793
32.2798	-89.987
39.438808	-77.38017
35.2813	-95.0918
37.0637	-81.7232
38.072497	-84.482905
38.25655	-82.42987
42.126637	-72.053757
38.773641	-76.887054
38.430333	-78.910213
42.051486	-87.997332
42.012131	-87.768466
41.591196	-87.558542
41.595562	-87.485068
40.448688	-74.299011
42.984017	-87.948587
30.023452	-93.84381
39.865883	-75.342489
32.310731	-80.978322
39.978417	-74.765146
33.846491	-117.539657
34.9563	-89.9113
39.0057	-82.0256
39.638681	-76.867822
38.549748	-76.98407
47.700563	-117.444716
42.727827	-84.409087
42.7606	-84.516
42.738224	-84.672786
40.00796	-74.98179
42.225855	-83.485184
42.547512	-83.176566
41.510557	-71.317647
39.425941	-79.391422
41.31137	-73.05148
41.621926	-72.873001
41.295954	-72.378854
41.812378	-72.853679
41.681999	-72.658074
42.343107	-72.642157
42.298937	-71.397713
42.623025	-71.360122
42.101263	-71.055455
41.111891	-74.108241
40.934436	-72.667786
40.899462	-73.080839
40.7165	-73.5578
40.79326	-73.16762
41.268436	-111.975255
38.310142	-122.284449
43.175367	-88.010309
45.687604	-122.65981
33.941588	-118.048888
33.773056	-118.191326
33.553336	-117.195191
41.7621	-71.220978
41.158618	-73.420052
42.508976	-82.928541
34.0089	-118.3433
41.662479	-72.721416
39.034072	-84.53483
36.838629	-119.80207
44.182	-88.4652
37.51214	-121.941422
43.782467	-79.292177
43.864552	-79.01177
49.200756	-68.256934
47.594182	-65.827859
49.866612	-99.961794
43.18197	-80.281102
45.462822	-73.465585
49.249141	-122.895771
51.041294	-114.140888
50.967045	-114.071344
51.097059	-114.141574
51.05204	-113.979731
51.1062	-114.036419
46.370498	-72.558312
47.726521	-53.245312
48.404258	-71.058422
48.16781	-53.966555
49.034522	-122.270977
45.021463	-74.747043
44.671127	-63.556381
51.137088	-100.063111
45.896793	-72.518591
49.78619	-92.821339
53.541221	-113.418451
53.598729	-113.40286
49.140052	-102.968914
43.617881	-79.557453
45.932686	-66.663493
48.958369	-54.590301
43.649619	-79.894236
45.416666	-72.753527
48.947208	-55.653921
43.236679	-79.878051
53.381084	-117.626404
46.03954	-73.415179
50.665093	-120.372482
49.399711	-82.376897
49.887501	-119.426446
45.45345	-73.855099
43.425173	-80.440092
45.449457	-73.608119
45.564486	-73.731989
43.002215	-81.174361
42.931623	-81.221645
45.537572	-73.474559
43.865744	-79.291191
43.594213	-79.787536
43.592093	-79.639508
46.098886	-64.761004
49.322393	-123.0987
52.762597	-108.272708
49.238597	-124.049852
49.496494	-117.293715
45.578166	-62.665929
44.064713	-79.482994
46.3127	-79.444529
45.366308	-75.787155
44.575895	-80.913094
45.61831	-61.335179
49.973747	-98.323963
49.463193	-119.590063
44.32469	-78.336738
49.846343	-124.518411
53.199573	-105.750437
46.832452	-71.303867
52.287016	-113.813875
50.496437	-104.63713
50.404444	-104.621499
45.744363	-73.455143
45.632935	-73.817021
44.759757	-63.659809
52.130938	-106.721978
52.148077	-106.621492
50.227005	-66.391806
45.291774	-72.230648
43.1761	-79.211923
45.581839	-73.922183
45.331666	-73.298645
45.307564	-66.018382
47.552214	-52.780628
47.501508	-52.811185
45.591762	-73.573597
48.545958	-58.575167
43.231599	-79.762838
46.521981	-80.949992
49.18873	-122.800909
50.30669	-107.774979
46.11474	-60.227939
46.151476	-60.150704
55.747193	-97.849321
42.85583	-80.699879
48.472572	-81.397741
43.709706	-79.4741
49.897075	-97.063153
46.324264	-72.564991
48.44767	-123.372329
43.0169	-79.223309
52.95294	-113.390289
43.917108	-78.958258
42.270013	-83.011807
49.895826	-97.195412
49.882281	-97.312757
49.956155	-97.145543
49.828994	-97.114537
43.115589	-80.737581
62.46273	-114.413732
44.334363	-79.688568
48.414037	-89.24312
45.483914	-75.627504
43.73617	-81.698269
47.53016	-79.675039
44.15644	-81.000299
45.357492	-75.654349
45.63844	-74.327725
43.975173	-78.199256
45.309799	-75.912875
48.244024	-79.041141
45.64146	-72.978832
44.650964	-63.675612
48.097554	-77.83608
45.508024	-73.381208
43.929444	-80.099821
45.436405	-75.771532
43.564217	-80.27878
46.782368	-71.345591
55.171274	-118.828033
46.777843	-71.168354
45.723959	-73.619316
50.900347	-114.06375
53.511927	-113.316899
46.539596	-84.318894
56.721742	-111.357896
49.122457	-122.662595
43.104011	-79.113749
46.261853	-63.153834
49.668337	-124.977646
42.035573	-82.600811
45.49304	-73.654289
44.410382	-79.708689
49.140622	-121.961733
50.288897	-119.260697
43.403424	-79.811587
45.816683	-77.076236
43.152637	-79.270351
50.411862	-105.521442
51.206235	-102.450509
49.823122	-97.202242
44.09345	-77.602429
50.444157	-104.532622
49.528372	-115.746751
45.35219	-63.302409
48.95678	-57.924059
43.847492	-79.073527
48.443479	-123.509153
45.528135	-73.782141
45.760796	-74.016912
60.734484	-135.069244
52.23889	-113.814599
43.876377	-79.414116
47.618117	-52.716391
42.778907	-81.172051
48.452781	-68.493545
52.964709	-122.441373
42.19952	-70.945948
45.287485	-93.552337
39.6458	-79.9875
47.072988	-122.42048
39.06552	-104.84928
32.031184	-93.710637
40.24425	-74.29851
44.059463	-122.987284
33.915476	-117.969108
41.3899	-81.3253
39.85007	-75.448714
40.254819	-74.554242
34.163499	-117.335581
20.876623	-156.455096
40.883636	-74.705653
40.687627	-74.298893
41.5831	-81.2237
41.845454	-71.417592
43.075092	-88.225287
42.13541	-83.226112
39.020358	-74.870939
36.277821	-115.206429
44.896729	-93.080405
32.427105	-110.938142
45.03764	-93.218693
42.248199	-71.938005
40.555975	-76.789875
39.847245	-95.561157
40.745842	-73.59874
39.8376	-75.09
41.86432	-79.15474
41.033916	-73.763654
40.9916	-74.3101
37.979581	-122.332103
40.611577	-74.256966
40.128183	-75.403967
42.323614	-83.429997
33.827159	-118.089662
21.294751	-157.841964
39.337744	-76.399702
39.335499	-76.486015
39.15432	-76.730603
42.74219	-71.16492
37.995919	-122.109502
33.136564	-117.123515
43.093367	-87.985127
45.1646	-93.157694
39.2701	-76.6249
32.633271	-116.967466
40.7889	-74.04098
32.807463	-116.969999
47.107329	-122.293601
47.060118	-122.769132
47.195969	-122.521171
39.859046	-75.689569
41.406125	-73.418218
41.288424	-72.679038
41.373075	-72.916996
41.549931	-73.41871
41.094816	-73.449779
41.565943	-73.007972
42.923378	-72.29009
41.673522	-71.161117
41.563855	-70.596125
40.9036	-74.0956
40.663088	-75.351683
40.144355	-75.316341
39.485362	-84.329103
38.752219	-77.449545
38.748628	-121.258184
38.581519	-77.310455
40.8072	-74.4621
41.64733	-87.735927
33.870595	-84.634568
43.77555	-79.25417
44.647187	-63.619202
53.54992	-113.934549
45.274159	-75.73822
45.271701	-74.11715
54.407206	-110.200689
45.394884	-73.586924
46.417168	-63.780168
46.868554	-71.206605
46.55517	-72.747989
42.905348	-78.94375
50.931666	-113.967189
53.86214	-122.783629
44.088799	-79.134314
47.825297	-69.555907
39.296982	-84.522668
45.51415	-73.719712
50.57067	-111.898299
35.095988	-85.327938
46.113746	-64.827772
54.76866	-101.861119
31.742409	-106.288302
56.23723	-120.840644
36.08211	-86.726875
41.1002	-81.384075
42.054759	-87.837354
36.086251	-93.733559
47.993087	-66.714126
45.0675	-64.453397
46.062741	-71.929397
47.7591	-119.93615
48.107996	-96.149035
41.5819	-93.783
37.14253	-79.26659
36.64149	-80.2463
33.390503	-112.133787
36.6844	-83.1342
42.818776	-106.375016
39.46019	-95.748188
39.84791	-84.192242
47.292219	-122.313297
33.3789	-111.83352
39.4462632	-75.7324362
41.270349	-72.975084
31.968689	-110.315537
40.412942	-75.508063
36.829841	-76.340245
33.385645	-111.598264
41.089337	-112.069221
44.334584	-98.214491
41.145678	-80.661814
37.602072	-77.564225
34.3388	-84.0389
43.192844	-86.263587
35.735385	-78.868318
42.591381	-114.480326
36.099801	-115.108307
37.939596	-95.409173
37.063306	-80.761027
27.7125	-82.3611
37.810954	-94.705573
29.74966	-96.147218
36.048477	-86.71349
44.018735	-88.151666
44.418235	-71.194273
33.623909	-112.392343
35.71667	-84.01437
33.598102	-111.979371
33.712352	-112.200421
36.706686	-119.575692
38.370051	-77.528713
29.9354	-95.25175
46.8019	-96.84265
32.759186	-98.944301
42.332512	-83.208731
30.488194	-84.318704
32.294218	-111.014028
36.694523	-121.799623
33.46106	-86.96807
26.245119	-98.44271
36.099803	-115.1082
42.6341	-83.746095
34.981412	-81.089694
32.206665	-110.874917
34.519833	-83.733742
36.065301	-95.742116
33.77534	-78.98518
27.834744	-82.681361
37.171111	-113.364991
40.085246	-75.399911
40.415815	-111.770871
32.674331	-117.097412
41.612141	-83.612962
33.846563	-117.986134
40.384572	-80.093318
47.170508	-122.173033
39.890678	-75.089863
42.516363	-83.613296
42.154441	-88.33591
42.328652	-85.511261
42.284293	-85.678113
41.467154	-82.017566
40.67942	-73.436783
40.6183	-74.7447
33.854052	-118.299379
47.360666	-122.109754
33.177696	-117.298525
40.909849	-74.403747
46.585629	-120.596882
41.384463	-81.742323
41.519963	-81.441438
40.0522	-80.6327
44.811273	-93.038172
41.74238	-72.712424
33.797432	-116.388034
36.212307	-115.990078
40.028532	-75.099446
40.639233	-74.420153
40.083128	-75.025914
40.134733	-74.966143
32.779798	-117.009728
40.223623	-74.083605
38.622563	-90.332923
34.187127	-118.623565
34.444954	-118.575618
33.917237	-118.083244
40.102594	-74.871427
40.907588	-74.562987
33.936249	-117.17875
47.902	-122.2541
40.076171	-76.325172
40.531181	-74.380373
40.810066	-73.292009
38.79159	-77.299204
39.196763	-76.820544
40.084343	-75.16919
38.610363	-121.383763
40.5735	-111.8618
42.427547	-76.512016
36.239237	-115.22339
48.078815	-123.127019
21.398507	-157.975091
34.113419	-84.582475
42.137922	-88.019837
42.17382	-72.576244
42.193661	-85.597469
40.535738	-74.296405
40.661653	-73.723274
41.240068	-73.034021
40.72703	-73.423608
32.608378	-117.080892
38.810846	-94.891546
36.002217	-79.798832
32.829828	-117.163962
40.486841	-79.89117
39.936309	-75.046942
39.393285	-76.580927
41.862818	-88.340741
44.9297	-91.391
42.147015	-70.845068
40.338501	-80.025877
39.469906	-75.206812
29.468512	-95.08704
41.909813	-87.742378
41.53882	-87.629399
39.859653	-74.175421
37.519247	-121.986936
37.688374	-122.130257
37.329397	-121.858855
39.731994	-75.619609
44.955463	-93.161413
42.978435	-88.105184
45.45066	-122.578903
39.094125	-95.673022
41.94911	-88.031899
39.894075	-80.128791
40.74838	-74.14338
39.61092	-75.947875
37.737947	-122.199161
39.761505	-76.95908
40.4949	-78.0432
42.174964	-83.761267
30.417887	-97.846632
41.721052	-87.686053
39.906127	-75.289897
44.0881	-75.8253
51.153885	-114.21823
42.844943	-80.313625
37.149811	-121.655522
55.75545	-120.224489
49.19113	-122.946364
45.815549	-64.198505
49.66047	-103.866419
48.524176	-71.652766
48.607359	-93.437207
44.891489	-76.03107
43.810774	-79.450526
46.112824	-71.297542
46.991698	-65.52014
54.511957	-128.578208
49.163286	-122.877673
45.189162	-72.756973
49.759606	-94.470862
52.091914	-106.646331
35.334163	-97.477743
35.406063	-97.54405
36.028619	-95.948731
32.605673	-97.115225
36.356063	-94.170945
36.174879	-94.163094
34.834643	-92.231866
35.365824	-94.377439
36.087763	-94.121673
35.493163	-97.622067
35.652837	-97.462421
35.582013	-97.638668
35.363437	-97.530402
36.046235	-95.903062
33.011363	-96.614031
32.935	-96.72434
32.865432	-96.606447
32.812697	-96.60887
32.645061	-97.11648
32.874737	-97.269162
32.893686	-97.238846
33.087184	-96.749692
35.4899	-97.5186
33.071637	-97.036235
36.192099	-86.744872
33.538163	-112.219352
33.4509	-111.974
33.479563	-112.251251
35.179817	-106.688037
36.133154	-95.924261
32.800953	-96.793625
36.041563	-115.046998
36.156449	-115.080731
36.054237	-115.118405
32.250737	-110.909042
32.133563	-111.024826
35.055962	-106.738667
32.844663	-97.134893
32.702334	-97.427455
29.7365	-95.539157
29.846372	-95.645641
36.118649	-95.851269
36.314525	-94.12603
29.980729	-95.61189
36.034207	-95.79765
29.688663	-95.585606
32.929569	-96.469491
29.656638	-95.528257
33.114757	-96.630996
29.802966	-95.487
30.069385	-95.214745
32.877878	-96.718162
34.962496	-90.032235
32.709554	-97.150847
35.22739	-89.846225
33.493537	-112.364623
35.493437	-97.550051
28.536616	-81.208052
36.218537	-115.324323
30.020321	-90.239015
36.159337	-115.232667
28.551821	-81.16534
38.211966	-85.720577
33.581488	-112.201942
33.45167	-111.772062
29.247361	-81.067528
32.659508	-97.165563
28.611381	-81.454352
32.350743	-110.976525
33.377571	-112.02936
36.267712	-115.116795
26.207243	-81.768252
31.860492	-106.559042
26.240962	-80.267644
37.966869	-84.501831
31.728455	-106.345358
28.551988	-81.489953
26.287888	-80.250556
33.46841	-86.819592
38.24402	-85.54459
38.157379	-85.834121
33.430624	-86.789031
38.003665	-84.571146
30.39497	-91.160363
27.987293	-82.774456
27.834583	-82.681347
32.83503	-96.676528
32.922105	-96.838985
35.020537	-89.830016
32.955143	-96.768694
36.099644	-95.975734
29.675047	-95.493827
30.649532	-88.161454
33.637268	-86.68395
28.613368	-81.207855
36.263344	-86.711986
31.782852	-106.284852
40.670614	-111.98678
40.52712	-111.852178
36.04194	-86.744103
40.573437	-111.97933
35.070755	-89.864316
28.647837	-81.276649
28.542749	-81.277343
38.941532	-94.667223
32.746237	-97.218437
38.18854	-85.565473
41.101114	-111.93946
41.152225	-111.935937
38.965912	-94.667976
28.029837	-82.459344
28.004983	-82.598866
33.422937	-111.721263
36.239081	-115.224225
36.195563	-115.226301
36.013337	-115.152487
35.56521	-97.549128
38.253938	-85.64467
33.380863	-111.771463
36.260586	-115.180169
38.994337	-94.713011
35.421242	-97.530031
26.556284	-81.907741
30.408385	-91.022222
33.451637	-111.815103
33.364663	-111.655188
28.170339	-80.672255
28.056104	-80.621681
37.957237	-87.508561
39.811737	-85.992149
39.826041	-86.026577
39.710867	-86.120321
36.195862	-115.029078
26.578863	-81.991052
26.646727	-81.986666
36.916892	-76.228874
27.945392	-82.475736
27.881402	-82.830305
36.27693	-95.82893
33.3498	-111.927708
